ID,Adoption,Died,Euthanasia,Return_to_owner,Transfer
1,0.0383872579004,0.01095222408,0.0343002223973,0.252327032624,0.664033262999
2,0.712623756837,0.000856222115162,0.0199612211025,0.215709674841,0.0508491251048
3,0.627174224677,0.00296738172392,0.00725988310549,0.070229524391,0.292368986103
4,0.225158230807,0.0038867298629,0.0311647437299,0.282123384544,0.457666911057
5,0.486522733899,0.000771666541012,0.00568826020629,0.296229435748,0.210787903606
6,0.379078134814,0.00327726771908,0.014629013446,0.439942512159,0.163073071863
7,0.0797453176949,0.00958166771372,0.417167598771,0.315690830913,0.177814584907
8,0.630731221837,0.00589845142619,0.0141157119316,0.0595283336926,0.289726281112
9,0.652702734846,0.00085975684587,0.00374354626138,0.246597044259,0.0960969177878
10,0.389024375811,0.000497238575662,0.0514174293791,0.361651553535,0.197409402699
11,0.584208496757,0.000835301402027,0.010638331781,0.213667718806,0.190650151254
12,0.0241222733478,0.00312570304592,0.153276748758,0.292465897136,0.527009377712
13,0.644272869746,0.00193708289414,0.0280211051617,0.224722094453,0.101046847744
14,0.654345303934,0.00135400540087,0.0138550142108,0.0707255626738,0.25972011378
15,0.811501751053,0.00134662222912,0.00544160756,0.122956651622,0.0587533675363
16,0.663693911689,0.000945702446122,0.00833909305459,0.156954112562,0.170067180248
17,0.225388520017,0.00156316641706,0.0586574374971,0.485795032307,0.228595843761
18,0.503530259379,0.00066469991965,0.00330534810613,0.437294209046,0.0552054835492
19,0.591720652044,0.00198239431605,0.0182310767565,0.0861782980079,0.301887578875
20,0.0329570258051,0.0119365473627,0.176556171686,0.0160878319913,0.762462423155
21,0.698929669515,0.0018245151711,0.0118530071349,0.0871671481373,0.200225660041
22,0.000602254501847,0.0149775651253,0.0841517657005,0.00609370191569,0.894174712757
23,0.689404344469,0.000952283865366,0.00803768757827,0.177363555689,0.124242128398
24,0.0968829780026,0.00983721767099,0.0879312928513,0.00426255058137,0.801085960894
25,0.720706815992,0.000310428929284,0.00983123407364,0.118132785672,0.151018735333
26,0.510626642162,0.00163028682782,0.0467709957011,0.00682526057679,0.434146814732
27,0.819360494955,0.00288696032057,0.00498461084347,0.0143578763224,0.158410057559
28,0.0187343032333,0.0166475964405,0.141624031578,0.0540281611435,0.768965907605
29,0.403927227759,0.00120878420335,0.027510480835,0.32844425924,0.238909247962
30,0.425794152929,0.00100503952545,0.0175973214457,0.32694622913,0.22865725697
31,0.420286109472,0.00147109480292,0.0274448365778,0.0732409656859,0.477556993462
32,0.764695015761,0.00300721201082,0.00319694412742,0.0803761436556,0.148724684446
33,0.435295751796,0.0022013223286,0.0864278304997,0.0052485283968,0.470826566979
34,0.824912659424,0.0025427582559,0.00425781104722,0.0576333094574,0.110653461815
35,0.167220253905,0.0113608833045,0.0208121516669,0.043416141833,0.75719056929
36,0.49729811935,0.00106810494048,0.0219476727307,0.282908204927,0.196777898052
37,0.355435568223,0.0106825063397,0.0836731265004,0.0208941359088,0.529314663028
38,0.698979675007,0.0012638014502,0.00551534154585,0.187210215425,0.107030966572
39,0.221555585447,0.000699439515714,0.00367425205189,0.293916817409,0.480153905577
40,0.369876561694,0.000613174528507,0.114662552789,0.0466557344922,0.468191976496
41,0.122154049503,0.00199836757693,0.0102131715797,0.246311697782,0.619322713559
42,0.0370734202358,0.011773025136,0.108262349067,0.00734190097155,0.83554930459
43,0.743838524073,0.0023419244179,0.0105959424894,0.0344485702368,0.208775038783
44,0.0263695555689,0.0410496169982,0.173006487173,0.00554516889647,0.754029171364
45,0.420046006563,0.000888104007085,0.050978301814,0.0106913478963,0.51739623972
46,0.518113453472,0.000103919284298,0.0191264171747,0.0259330009074,0.436723209161
47,0.616404522052,0.002045844347,0.0232791836644,0.074971382207,0.283299067729
48,0.530301935432,0.00271090910998,0.0425521449391,0.332397935178,0.0920370753409
49,0.573808067936,0.00156416351325,0.00884882296728,0.276629142071,0.139149803513
50,0.0264446780736,0.00884188101508,0.0477914114322,0.237395332606,0.679526696873
51,0.124984894473,0.0524513484301,0.0669584518474,0.082200758209,0.67340454704
52,0.427203251854,0.00194202220724,0.0657613999295,0.41285114527,0.0922421807389
53,0.758313181357,0.00270750980592,0.00572513956318,0.0433869366861,0.189867232588
54,0.0557695636824,0.01357909366,0.0419344244602,0.0662520637327,0.822464854465
55,0.00137218712725,0.0212179163099,0.109732530007,0.0138554634511,0.853821903104
56,0.367657355351,0.00537180097791,0.101762560061,0.226730122703,0.298478160907
57,0.53090259068,0.00115315053597,0.00884647661035,0.253341551484,0.20575623069
58,0.000471119338521,0.0117974387775,0.0856071908477,0.00706908737223,0.895055163664
59,0.0382786409725,0.0199002097835,0.0906414133437,0.0118469339563,0.839332801944
60,0.573707225579,0.00045407953426,0.00592631458789,0.135211414668,0.28470096563
61,0.710806200862,0.000826450256092,0.0348314595166,0.0379121396249,0.21562374974
62,0.136446679898,0.00248345507394,0.153134120381,0.54244258771,0.165493156938
63,0.581821475326,0.00576978371395,0.0227116349506,0.158733274518,0.230963831492
64,0.0430630913347,0.0227802801555,0.116342423889,0.00722200709696,0.810592197524
65,0.0345825582654,0.0333044320669,0.13836844401,0.00693086101827,0.786813704639
66,0.773272986844,0.00169653566362,0.00366736972193,0.149115580382,0.0722475273882
67,0.80137231675,0.00156707113159,0.00378006846463,0.0562113043334,0.13706923932
68,0.00255471191893,0.00705174946161,0.289052797274,0.358102867159,0.343237874187
69,0.47956850771,0.000617253614464,0.0240816352826,0.325799654362,0.169932949031
70,0.0642215972262,0.0205676524373,0.0940256065382,0.00550639319184,0.815678750606
71,0.0554149838783,0.00971634467076,0.0301815894786,0.0191448282518,0.885542253721
72,0.75836951269,0.00103379500921,0.0052125934947,0.13148788357,0.103896215237
73,0.000398556685017,0.0396143774723,0.17638349984,0.00592509042566,0.777678475578
74,0.475423709938,0.00266616021446,0.0177672034788,0.266439275941,0.237703650428
75,0.0985080104869,0.0156981712103,0.0799693774594,0.0029654138148,0.802859027028
76,0.15734373213,0.106768890973,0.0422785885313,0.0617382539833,0.631870534382
77,0.750422078683,0.0012018193025,0.00693590067812,0.0241182734101,0.217321927926
78,0.381947393271,0.0115794809077,0.102604609381,0.0205584354162,0.483310081024
79,0.360431230748,0.000621731457197,0.00378137040278,0.313638144434,0.321527522959
80,0.640883993009,0.00212067984235,0.00971245930953,0.0530865134117,0.294196354427
81,0.0706879815439,0.00991806678738,0.0758398938257,0.00609922750606,0.837454830337
82,0.00130643421836,0.0233423167956,0.0812575554777,0.00826421426273,0.885829479246
83,0.665717394442,0.00120157766282,0.00902147838595,0.214158274076,0.109901275434
84,0.143250182509,0.0228143926853,0.0865402995403,0.00346146464622,0.743933660619
85,0.333133839296,0.000200020259568,0.0251705831733,0.51367486286,0.127820694412
86,0.0493100331322,0.0154245303006,0.132147050103,0.00547876987268,0.797639616592
87,0.0304076164701,0.00608413528486,0.201193070228,0.379199107773,0.383116070243
88,0.409164022217,0.00100390753643,0.0424617934072,0.343864711609,0.203505565231
89,0.0649213620771,0.0146202896505,0.12888700173,0.00404706611786,0.787524280424
90,0.7933540721,0.00145787210358,0.010038937825,0.0218188724769,0.173330245495
91,0.0199942971817,0.0833324496754,0.281546100396,0.0133897423008,0.601737410446
92,0.0103038771765,0.0382720969356,0.243176642485,0.0113769131418,0.696870470261
93,0.686201325834,0.00376595443515,0.0120194538899,0.0858371747268,0.212176091114
94,0.615999693126,0.0016882271185,0.0104950279726,0.224576619599,0.147240432183
95,0.524980683284,0.00485740979176,0.0421906466629,0.00735855088994,0.420612709372
96,0.659719997234,0.000365578374787,0.00596128306114,0.270508135999,0.0634450053312
97,0.596783116042,0.00172085526339,0.00928211278079,0.245240117295,0.146973798619
98,0.207615482336,0.0168366859983,0.0650340815834,0.00512733676296,0.70538641332
99,0.0722736838874,0.01405723601,0.0513286834534,0.0274396464076,0.834900750242
100,0.52280300737,0.000407446717142,0.00225487413118,0.267254073676,0.207280598106
101,0.595599297154,0.00186714520808,0.0141190534142,0.0605753779399,0.327839126283
102,0.869617121156,0.0030441307009,0.00451287460955,0.0432572938065,0.0795685797275
103,0.51782366673,0.0040789400266,0.0132410106259,0.300436249334,0.164420133284
104,0.476343325492,0.00130088731156,0.0104855366657,0.362005025235,0.149865225296
105,0.632623276988,0.00137425643407,0.0103220669816,0.0629332703791,0.292747129218
106,0.635658333628,0.00104841306799,0.0109935888998,0.211902421336,0.140397243069
107,0.606572942577,0.000510259213603,0.00697352048459,0.212712913229,0.173230364496
108,0.0895288657512,0.00778704170051,0.0350756084311,0.369921653408,0.497686830709
109,0.760308523959,0.000831423608402,0.00620543732272,0.0567416102183,0.175913004892
110,0.594703251675,0.00298925189034,0.0199835952546,0.185593958292,0.196729942887
111,0.547877118861,0.00064118142561,0.00793851153345,0.32996979609,0.113573392091
112,0.521951895527,0.00207427230695,0.0367395983948,0.319399007827,0.119835225945
113,0.145370937703,0.00147641382016,0.0322604880739,0.532650593305,0.288241567098
114,0.348986604607,0.00141444788477,0.0174447488701,0.447174841435,0.184979357203
115,0.0541627622915,0.0330789525428,0.104413812094,0.00582338434154,0.80252108873
116,0.695274573876,0.00214849904186,0.00437577746944,0.154878930664,0.143322218948
117,0.751961084177,0.000689534350643,0.00531423763118,0.124311184592,0.11772395925
118,0.016613793675,0.0119444877405,0.131773516608,0.349424225153,0.490243976824
119,0.0262047030571,0.0031282459714,0.117458161087,0.724787705251,0.128421184634
120,0.505625270844,0.00227797092266,0.0636601012601,0.00878432018917,0.419652336784
121,0.644249838827,0.00148089164712,0.00756696084071,0.0575533573704,0.289148951315
122,0.774421646287,0.00208836390813,0.0103738578965,0.0263768143757,0.186739317533
123,0.632205908022,0.00210562349401,0.0105409327554,0.07621271527,0.278934820459
124,0.000657065448698,0.0179654504346,0.100814706973,0.00632356849693,0.874239208647
125,0.051737609632,0.0025228722385,0.0669005509486,0.0279044817353,0.850934485446
126,0.714466385787,0.000794585182732,0.00174469995371,0.181725582457,0.10126874662
127,0.319373429793,0.00792921201285,0.223962388742,0.0182802915163,0.430454677935
128,0.784009213742,0.00805932671855,0.00660679401753,0.0422494598991,0.159075205622
129,0.789843524888,0.00247686202146,0.00809785338131,0.0557331461145,0.143848613595
130,0.728855687067,0.00198726190573,0.009329952085,0.0740692590822,0.18575783986
131,0.38363136029,0.000291816705172,0.0123001654135,0.406458294651,0.197318362941
132,0.813227306344,0.00407924876277,0.00856866186336,0.0521799775678,0.121944805462
133,0.502835927293,0.00271595534693,0.0330501486261,0.00630561048622,0.455092358247
134,0.437418929635,0.00167820737191,0.00711056307524,0.296688358274,0.257103941643
135,0.646036075082,0.00150479760917,0.0412152308406,0.1390823094,0.172161587068
136,0.426911349114,0.000910777097994,0.0184467142422,0.478477035046,0.0752541245002
137,0.648231706435,0.00176851742283,0.0206439873129,0.0943555548531,0.235000233976
138,0.00142635456187,0.0165900218683,0.0886186979391,0.003877122963,0.889487802668
139,0.328141227562,0.000732137764149,0.0250027750402,0.55624696829,0.0898768913436
140,0.659496030963,0.000764156946478,0.00571129908128,0.273687108972,0.0603414040377
141,0.587709177353,0.00212830098798,0.00571333818503,0.188987403673,0.215461779801
142,0.094158299663,0.0214080359081,0.0366395528293,0.0524383342109,0.795355777389
143,0.45770041875,0.000922087967502,0.0450521299695,0.358048069975,0.138277293338
144,0.332606169057,0.00150730639718,0.0602841450641,0.482388012798,0.123214366684
145,0.423115901619,0.00541518183012,0.0763922467844,0.34354566872,0.151531001046
146,0.279069847927,0.00300493700586,0.102794842936,0.456102092905,0.159028279226
147,0.453862192925,0.00702424723397,0.0428905793217,0.185031081638,0.311191898882
148,0.363712160126,0.000964719609164,0.0213230613374,0.522757598763,0.0912424601651
149,0.0332159118831,0.0250368789506,0.0988795544919,0.00858543224874,0.834282222426
150,0.0371778584477,0.0141352721539,0.0598385834389,0.0797845288712,0.809063757088
151,0.537189475402,0.00233207100452,0.0460534177291,0.00863340170182,0.405791634162
152,0.0279405436712,0.0137063842485,0.221167111198,0.00828303752329,0.728902923359
153,0.55052161247,0.000951380397361,0.00747387305031,0.246599667896,0.194453466187
154,0.0271665878461,0.0104658470216,0.0753491982784,0.233019230989,0.653999135864
155,0.521424720644,0.00140741769138,0.0170716703931,0.0192298207968,0.440866370475
156,0.654062445267,0.000652601807702,0.00544466586752,0.0853584768092,0.254481810249
157,0.335313865596,0.00123126705545,0.0390787615898,0.451135471822,0.173240633937
158,0.131693948454,0.0218792927338,0.0472810395111,0.00402372661413,0.795121992687
159,0.679186494938,0.001795487485,0.0278373670949,0.0964772975199,0.194703352962
160,0.624759437736,0.00146198804579,0.00650568890667,0.257359483221,0.10991340209
161,0.45478787165,0.0012601990065,0.00161335380965,0.267442234568,0.274896340966
162,0.655822878333,0.00053386404207,0.00708057543114,0.142173800152,0.194388882042
163,0.000312835892723,0.0235828504674,0.101820283745,0.0392120277521,0.835072002142
164,0.791767150559,0.00438796567901,0.0045622634916,0.0311035697883,0.168179050482
165,0.434942141183,0.00112438369128,0.00786756330103,0.305218247832,0.250847663993
166,0.703541144292,0.00335354922885,0.00769986510876,0.0367090549854,0.248696386385
167,0.526701935649,0.0018305092891,0.02167375634,0.330006386308,0.119787412413
168,0.680773982622,0.000565619573667,0.00667151492126,0.190605017735,0.121383865148
169,0.570833610904,0.00115414167083,0.0054010827809,0.359462479741,0.0631486849035
170,0.539033235842,0.00201591736625,0.00717164576495,0.242142371933,0.209636829094
171,0.00810408965955,0.0785900985154,0.363857327101,0.0155744609678,0.533874023756
172,0.550319742487,0.00264026568,0.0109086227145,0.21432244273,0.221808926388
173,0.419731926132,0.00135475219614,0.106101419722,0.391929401852,0.0808825000977
174,0.238923808921,0.00141136899378,0.12276662955,0.46962669391,0.167271498626
175,0.452566060494,0.000610494228568,0.0182589424781,0.328884364955,0.199680137844
176,0.173501841088,0.0402481957984,0.0384605327367,0.0478892211406,0.699900209236
177,0.141273920385,0.00246803095362,0.117525380329,0.581893317217,0.156839351115
178,0.712946944844,0.00713100979427,0.0146938325914,0.116864723114,0.148363489656
179,0.509087979315,0.00170971551118,0.0195153648122,0.044041284333,0.425645656028
180,0.133691174629,0.00965872021628,0.114590022053,0.0134573169087,0.728602766192
181,0.0505219879919,0.0161972692792,0.0911540355481,0.00603471620364,0.836091990977
182,0.2273488805,0.0219880591486,0.0242692265218,0.0473381486929,0.679055685137
183,0.563903473241,0.00268643506086,0.0147229659967,0.222860016112,0.195827109589
184,0.0445297482506,0.00319288699965,0.0209713953457,0.1932275661,0.738078403304
185,0.680600859424,0.00187579898312,0.00675853787064,0.203543041697,0.107221762026
186,0.460188776324,0.00471515508097,0.0335863161507,0.417628909186,0.0838808432583
187,0.12273870498,0.0224839626204,0.0883102547437,0.00596234335088,0.760504734305
188,0.502616619828,0.000532708585431,0.00582132537847,0.24891187125,0.242117474959
189,0.605484918766,0.00103191361408,0.00922014587215,0.183408722951,0.200854298797
190,0.644291068996,0.000578730845798,0.0455730602139,0.214548451588,0.095008688357
191,0.454309863359,0.000639788763575,0.0132143955223,0.403732374762,0.128103577593
192,0.648000555307,0.00165841004189,0.0400385813925,0.223608091748,0.0866943615104
193,0.102660937774,0.00308651452022,0.0245370195243,0.269625989481,0.6000895387
194,0.454409087854,0.000727263324262,0.0265513063841,0.0395551684164,0.478757174021
195,0.685938862586,0.00111796391086,0.00848098623292,0.17835633937,0.1261058479
196,0.637090078453,0.002085457943,0.00958306405463,0.0755758812558,0.275665518293
197,0.699633200053,0.00101345474895,0.00706649460325,0.213359963805,0.0789268867897
198,0.547173912686,0.00114683967917,0.0409864787103,0.315298683851,0.0953940850739
199,0.547598310791,0.000752654282415,0.0333949476526,0.227853539901,0.190400547374
200,0.695755432662,0.000676264950326,0.00285243794837,0.184300165255,0.116415699183
201,0.00161937928801,0.0093296165671,0.0643367535474,0.00538019010629,0.919334060491
202,0.407248452816,0.00253122970779,0.047055416986,0.158860163787,0.384304736703
203,0.619136300663,0.0014909545542,0.0108116668372,0.252499768387,0.116061309559
204,0.772933791823,0.000623160588928,0.00855860629662,0.0450492186792,0.172835222613
205,0.0523246662087,0.0235458564891,0.0401852433615,0.330190629927,0.553753604014
206,0.629895861374,0.00189876371667,0.00693318682613,0.0505841021747,0.310688085908
207,0.532925719631,0.00067640053377,0.0527010278011,0.283068506636,0.130628345398
208,0.0304527250796,0.0205181021323,0.164154722775,0.420751838471,0.364122611542
209,0.411904190087,0.00164705979542,0.00936366758507,0.418149905858,0.158935176674
210,0.701707246646,0.000843832826698,0.0082507049053,0.195423116374,0.0937750992478
211,0.077893909507,0.0387506672435,0.134274935833,0.00619379505702,0.74288669236
212,0.0840774613469,0.00194459421404,0.033303617865,0.542883243708,0.337791082866
213,0.603754902893,0.00145234879603,0.00889804985719,0.220019339063,0.16587535939
214,0.507994853879,0.001169781854,0.0479465374748,0.0325775493713,0.410311277421
215,0.050878608998,0.0139320674146,0.0739944720089,0.00708141059464,0.854113440984
216,0.599863206031,0.000602050914977,0.0463528435816,0.0656332487403,0.287548650732
217,0.712782144336,0.00499803545485,0.0239784821667,0.00573173840553,0.252509599637
218,0.702953708543,0.00330805160155,0.0101180242782,0.0381869310258,0.245433284552
219,0.613079096993,0.000481378984723,0.0107137931186,0.212599898198,0.163125832706
220,0.217149702055,0.000841272941861,0.0287467462143,0.578711367035,0.174550911754
221,0.0227055922358,0.0221251420448,0.096291301788,0.458974361793,0.399903602139
222,0.0403553313686,0.0694077947994,0.12173648427,0.00707286809295,0.761427521469
223,0.0666859815696,0.0339965872493,0.0735376148618,0.0767741539009,0.749005662418
224,0.552021166356,0.000714586129757,0.00678862881724,0.257497713229,0.182977905468
225,0.000878006604675,0.00783687213169,0.393445785221,0.440483782719,0.157355553324
226,0.687940650556,0.00191307126196,0.0106384091796,0.121976690091,0.177531178911
227,0.0354281612654,0.0140566457091,0.114473066268,0.00707029577203,0.828971830985
228,0.000718912152774,0.0124723822862,0.182249075948,0.0208063523538,0.783753277259
229,0.598775824213,0.000860141050662,0.0165632675762,0.262253688059,0.121547079101
230,0.0600671259992,0.0443225396489,0.0944219858294,0.00511714192286,0.7960712066
231,0.856912369393,0.0025511164938,0.00409035992718,0.0417701744894,0.0946759796963
232,0.598413099329,0.000478171574011,0.00536437002692,0.223432188977,0.172312170093
233,0.168301048178,0.0177741286425,0.0380357427135,0.00676585442994,0.769123226036
234,0.00995747209103,0.00154739068583,0.333060992712,0.231525538792,0.423908605719
235,0.5025087728,0.00153295156004,0.0333696112307,0.420164998026,0.0424236663828
236,0.676737858569,0.00199460093317,0.00956260200072,0.0455485051447,0.266156433352
237,0.708246472657,0.00260134167289,0.0111133211017,0.179393909281,0.0986449552878
238,0.0260661337702,0.00460566617778,0.197590506915,0.0271920335881,0.744545659548
239,0.743283748983,0.0026058022135,0.00353704956348,0.197553747261,0.0530196519794
240,0.728624685718,0.00203094817828,0.0117587496891,0.00374675861988,0.253838857795
241,0.670862349185,0.00124604339163,0.0364861761472,0.0412642043807,0.250141226895
242,0.374914001464,0.00187504353956,0.0458917155937,0.345274477733,0.232044761669
243,0.670340650314,0.00240205456546,0.0224722185275,0.00307175629454,0.301713320299
244,0.614702782897,0.00275132328774,0.0146780482603,0.0875241421128,0.280343703442
245,0.465946909578,0.00121139025447,0.0164636301944,0.326636973442,0.189741096532
246,0.217207700814,0.000731464051473,0.103906413114,0.53099396809,0.14716045393
247,0.606121156767,0.00223789517278,0.0163276036045,0.0809154228065,0.294397921649
248,0.62178233081,0.000911097581584,0.0108539391127,0.0542182008912,0.312234431604
249,0.249993267544,0.000903892335089,0.0151919937939,0.554840148605,0.179070697722
250,0.69757803551,0.00183445680999,0.00724798986378,0.0750550558221,0.218284461994
251,0.0192763596582,0.00468872773243,0.289532506044,0.0348135664223,0.651688840143
252,0.265796739857,0.000573795526988,0.0625031272191,0.481487167657,0.18963916974
253,0.0526800479327,0.0104838729879,0.109447774246,0.00832538760426,0.819062917229
254,0.174905989374,0.00125854875892,0.140825373151,0.555724896421,0.127285192295
255,0.108856179602,0.011234383815,0.0699289886288,0.00371059360223,0.806269854352
256,0.546349732116,0.000554537497549,0.00601771647886,0.275309577979,0.171768435929
257,0.338993545716,0.00246258409111,0.17380991982,0.0816714656426,0.40306248473
258,0.666809843533,0.00248203468788,0.00644801578524,0.0473265176933,0.276933588301
259,0.177548142375,0.00455471796302,0.0960328746328,0.619390880193,0.102473384836
260,0.482280968276,0.000878085887234,0.0277393632269,0.0367850779482,0.452316504661
261,0.542519623627,0.00360427778675,0.00531603642743,0.243937071629,0.20462299053
262,0.609075899678,0.00133157506233,0.0268574599774,0.23824413522,0.124490930062
263,0.502190662144,0.000721931175011,0.00912670821029,0.294863698634,0.193096999837
264,0.546453673043,0.000692335730435,0.0128860710337,0.209861237887,0.230106682306
265,0.612459989419,0.00197831902726,0.0161696534167,0.2364361924,0.132955845737
266,0.477654981989,0.00976843697801,0.0458145790744,0.166018471249,0.30074353071
267,0.0309833790341,0.0154770912529,0.104914506441,0.0234159397799,0.825209083493
268,0.0459801048661,0.0204769259581,0.123924549834,0.0060105167012,0.80360790264
269,0.000359662920382,0.0357150595359,0.101384422716,0.0105602767526,0.851980578075
270,0.594306732489,0.00331624401094,0.00861126390428,0.0749518954278,0.318813864168
271,0.0518526001342,0.0166210646491,0.107024618052,0.00978083697669,0.814720880188
272,0.47882679742,0.00886356146869,0.106053338908,0.0104227482048,0.395833553999
273,0.0909570748832,0.00517604595929,0.0284842878411,0.320043163027,0.555339428289
274,0.131367946366,0.00114669621505,0.0955691607441,0.232506489729,0.539409706946
275,0.557208038248,0.00436169101136,0.0960046131883,0.0159616348096,0.326464022743
276,0.012928389881,0.0250847688308,0.20066972835,0.0115062177209,0.749810895217
277,0.00157605206875,0.0190477108686,0.0498493569277,0.00616794774735,0.923358932388
278,0.55146491304,0.00379634487073,0.0793776786162,0.0102169181243,0.355144145349
279,0.724486751744,0.00158115512034,0.00509238398794,0.0382435083094,0.230596200838
280,0.0793576838532,0.00950832724547,0.0351033003896,0.0635952991198,0.812435389392
281,0.613281438773,0.000900941237301,0.015971934998,0.235112137719,0.134733547273
282,0.172350208086,0.000577711463111,0.0524454661393,0.606955977868,0.167670636444
283,0.0561316114374,0.00451856616771,0.0810309461304,0.0229080747109,0.835410801554
284,0.774387772514,0.00242866076728,0.00571153283859,0.0402042584621,0.177267775418
285,0.193601572079,0.00432674751334,0.18719127055,0.513862721462,0.101017688396
286,0.426065935774,0.000823281224673,0.0146061676203,0.398908351019,0.159596264362
287,0.00120297695105,0.0542818785738,0.0732839347518,0.00356269230021,0.867668517423
288,0.0489580743534,0.010237290276,0.105219657542,0.00633144015604,0.829253537673
289,0.568054877111,0.00130687168841,0.00966471935871,0.200391783754,0.220581748088
290,0.571929629334,0.00144483926632,0.0113861683491,0.222484718952,0.192754644098
291,0.706206414378,0.00266203212342,0.0241743237406,0.00587147011727,0.261085759641
292,0.848879327654,0.00124904441904,0.00383389510426,0.0416073087256,0.104430424098
293,0.523066078205,0.000946886350403,0.0158002382076,0.00593031599002,0.454256481247
294,0.0196426391273,0.0141317744536,0.126465954188,0.119585743573,0.720173888658
295,0.190648704647,0.000915893809119,0.12231630721,0.620711610914,0.0654074834197
296,0.0333870571505,0.00842664525332,0.114643801032,0.0428434304759,0.800699066088
297,0.307739176929,0.00104880310834,0.0462009772716,0.385824325744,0.259186716947
298,0.0356166121155,0.00665052522545,0.0916068237897,0.0210500557683,0.845075983101
299,0.737517663777,0.00121170713836,0.0111587873425,0.111410866585,0.138700975158
300,0.580816110193,0.00246513285836,0.0297305873545,0.080763541614,0.30622462798
301,0.433091967957,0.0010436872239,0.0619269170774,0.428236632105,0.0757007956372
302,0.640355060468,0.00173803132379,0.0115953446753,0.0392199819243,0.307091581608
303,0.794336907003,0.00377371379759,0.00591428417878,0.0386136805141,0.157361414506
304,0.539805501723,0.00129535817321,0.0154915237328,0.229541352843,0.213866263528
305,0.0238465748925,0.0199170273505,0.1450985107,0.0372444710563,0.773893416001
306,0.152749319297,0.000849317630008,0.292814681007,0.543917142579,0.00966953948693
307,0.747889424154,0.00277048747032,0.00791566219682,0.0843961275908,0.157028298589
308,0.589705508181,0.00200541049737,0.0220735590461,0.0778324107548,0.308383111521
309,0.770573287619,0.00145459760705,0.00221243809254,0.164559330929,0.0612003457522
310,0.119192776983,0.0363479207685,0.0437624691987,0.0470537585065,0.753643074544
311,0.552259474947,0.00172407940367,0.0557338919835,0.0799895327317,0.310293020934
312,0.561436411821,0.000717980338388,0.0183245116908,0.00393244373912,0.415588652411
313,0.041209133972,0.010815818618,0.138452318986,0.00465975135328,0.804862977071
314,0.371045927856,0.000803019017584,0.0169869740501,0.412532396588,0.198631682488
315,0.00276457713335,0.016513433268,0.0253760044086,0.0314992040507,0.923846781139
316,0.518507060966,0.00100076139986,0.00175423740456,0.392392891834,0.0863450483962
317,0.426264837215,0.000400225529447,0.0159036810688,0.407799101341,0.149632154845
318,0.563449691547,0.000813610231343,0.0427141498108,0.0470087143331,0.346013834078
319,0.088213863604,0.010690291172,0.0541247085134,0.00856742860003,0.838403708111
320,0.571417761015,0.00120300512561,0.0483090408266,0.327581886959,0.0514883060738
321,0.603722511288,0.0031404520409,0.0244110803509,0.108179118335,0.260546837985
322,0.000668756750909,0.015390044136,0.0719554332556,0.00480254862562,0.907183217232
323,0.000805699016023,0.0376205135438,0.123504369571,0.00634877735234,0.831720640517
324,0.600238485713,0.00285285980778,0.0137253722882,0.0515929232913,0.3315903589
325,0.657656771017,0.00163497029383,0.00662655660843,0.0622004909798,0.271881211101
326,0.659821533343,0.0026169022388,0.00778446165927,0.0445429790367,0.285234123723
327,0.601497665398,0.000665160375879,0.00571441176808,0.165358792046,0.226763970412
328,0.481778966512,0.00135983320142,0.0136009290841,0.259441577397,0.243818693806
329,0.608447922699,0.00187148623296,0.0113327244287,0.203730994283,0.174616872356
330,0.076779331735,0.00708715420813,0.0257809989553,0.234170980367,0.656181534734
331,0.103544384369,0.00023163864403,0.119651801676,0.644224324809,0.132347850501
332,0.0206050654748,0.0139531894012,0.126760918766,0.00845393694531,0.830226889413
333,0.776716756769,0.00233585447926,0.00995659200713,0.0517948056398,0.159195991105
334,0.525772889897,0.00126549770159,0.0257825140592,0.0386544839279,0.408524614414
335,0.0386278285397,0.0259590519385,0.110525424721,0.0300404866648,0.794847208136
336,0.574688408045,0.00240498156977,0.0167277546938,0.0503372423585,0.355841613333
337,0.010716961361,0.0189555895795,0.361479600721,0.0102769777591,0.598570870579
338,0.396092173462,0.00371015786249,0.0792221230358,0.316564443008,0.204411102632
339,0.0493196345261,0.00693602369425,0.113640745433,0.0503550094917,0.779748586855
340,0.382966383748,0.000558711749998,0.0890308968309,0.333855633908,0.193588373763
341,0.682800798076,0.00253954839619,0.0297680900282,0.00942805419661,0.275463509303
342,0.608584469092,0.00263983241866,0.0109615264749,0.0562227395589,0.321591432455
343,0.0100738327031,0.0140076448265,0.241941191709,0.0583490908394,0.675628239923
344,0.608509617757,0.00112738473923,0.00694957513519,0.242920377067,0.140493045302
345,0.728788940849,0.00193963843563,0.0108245727057,0.0509949895988,0.207451858411
346,0.5750998267,0.000168688609299,0.018475028886,0.187917025756,0.218339430048
347,0.293176956059,0.00175024694401,0.0504051919025,0.52323623294,0.131431372155
348,0.0418743179631,0.0291054110861,0.0501481908848,0.0803641669882,0.798507913078
349,0.0198785578591,0.0011165978199,0.0644472249844,0.754925089535,0.159632529802
350,0.281154788684,0.00109762854711,0.0466635191796,0.40631404646,0.264770017128
351,0.545065685151,0.000648055888202,0.00764652428391,0.197819662188,0.248820072489
352,0.00180279794868,0.0161012575188,0.0489571010085,0.00531578797333,0.927823055551
353,0.36104588231,0.00077427557631,0.0615686904308,0.480401940466,0.0962092112175
354,0.850579758654,0.00231737294578,0.00351368637057,0.0352797795061,0.108309402523
355,0.673863388022,0.0016770891347,0.00771594168715,0.145084320285,0.171659260871
356,0.0247801450124,0.0780294270091,0.151207975598,0.00830833828996,0.73767411409
357,0.325434457296,0.000477875287959,0.147684210527,0.0936947898163,0.432708667074
358,0.682102786535,0.000878081783974,0.0244099201625,0.0371640331504,0.255445178369
359,0.103359333717,0.0114571357092,0.0396532818499,0.0496558491534,0.795874399571
360,0.6198434583,0.00161557294164,0.0207718287927,0.0151764447453,0.342592695221
361,0.67802249984,0.00151782893044,0.00982090591843,0.0365031977058,0.274135567606
362,0.00722994583854,0.00421453938338,0.0116191831835,0.24229142179,0.734644909805
363,0.168577191197,0.000871324944334,0.0696987798976,0.571820274203,0.189032429758
364,0.506380166776,0.00912083193449,0.0165820247267,0.0877150029477,0.380201973615
365,0.661859061905,0.0024913503097,0.0113404584826,0.055362292443,0.26894683686
366,0.00153088734205,0.0215704213474,0.555038088053,0.0435156139254,0.378344989332
367,0.353267762664,0.00227971933999,0.0143524192685,0.0844475565359,0.545652542192
368,0.003916715509,0.00295259312233,0.450807668102,0.19176890366,0.350554119607
369,0.0242015365496,0.0604868586039,0.224952865761,0.00563085751574,0.68472788157
370,0.680369448236,0.000210550025952,0.0861949387198,0.0200807993518,0.213144263666
371,0.486772229843,0.000606066042333,0.0477602705758,0.295660786251,0.169200647287
372,0.692331438648,0.00139591711025,0.0144281875278,0.0768090030942,0.21503545362
373,0.866616232939,0.00251366086165,0.00483090824937,0.0278462335399,0.0981929644098
374,0.120002012906,0.000928134870646,0.11010771494,0.616339851241,0.152622286043
375,0.000841466196635,0.00827006264856,0.0706216101863,0.00459021835777,0.915676642611
376,0.316607267059,0.0022888844855,0.0415110062063,0.452655162561,0.186937679688
377,0.403215261243,0.000602060860215,0.0717215735153,0.33350270393,0.190958400452
378,0.771680355027,0.00264752790128,0.0042530190677,0.169395314315,0.0520237836894
379,0.569887416041,0.00112736717945,0.00171565836249,0.306470906812,0.120798651605
380,0.105519283272,0.0274789379441,0.0368162458143,0.0521626992267,0.778022833743
381,0.592375418922,0.00401545430323,0.0483731853319,0.0114540937568,0.343781847686
382,0.0515462041557,0.00896525447773,0.0544039801255,0.00484934132093,0.88023521992
383,0.0870894692556,0.0320223312058,0.136826164041,0.00715492539532,0.736907110102
384,0.0276998048625,0.0106705290156,0.188428586077,0.00589978432466,0.76730129572
385,0.555892855965,0.0015888278837,0.00582619928716,0.33692984059,0.0997622762738
386,0.208035799973,0.00357868460818,0.0500149010456,0.467425109417,0.270945504956
387,0.0363607500008,0.00972726205488,0.138912845231,0.00718986487361,0.80780927784
388,0.74699344398,0.00266393979486,0.00772264536491,0.158673965521,0.0839460053392
389,0.620633270818,0.00151134642157,0.00583150629283,0.0476548257614,0.324369050706
390,0.650368097325,0.00254235692608,0.0144381546365,0.0472877807529,0.28536361036
391,0.00139809036161,0.00482744129453,0.313701692738,0.37458740889,0.305485366716
392,0.00167371274354,0.0136011131366,0.0463124953102,0.00462587692704,0.933786801883
393,0.628737511589,0.00172989235255,0.00815059947423,0.0522229044918,0.309159092093
394,0.0452927716426,0.00867559155101,0.0819214115481,0.0385550323054,0.825555192953
395,0.390742245776,0.00783705535864,0.0295444573283,0.356988541336,0.214887700202
396,0.0900710003224,0.00174704242104,0.106895480748,0.623098073026,0.178188403482
397,0.0113174665071,0.00506541989994,0.181996145817,0.279763750929,0.521857216847
398,0.150304565388,0.013261817401,0.0361763345672,0.0465131071688,0.753744175475
399,0.473944062457,0.000585430622775,0.00777069896476,0.260348069966,0.257351737989
400,0.44518192405,0.00298878820237,0.00657397586599,0.320567303801,0.224688008081
401,0.723904954532,0.00352225627588,0.0149673031205,0.00267498771154,0.25493049836
402,0.647355629943,0.00061031532304,0.00884874614168,0.200560340165,0.142624968427
403,0.623296767038,0.000956226328243,0.00598227084096,0.231712506859,0.138052228934
404,0.040980667401,0.0360127494784,0.126047855431,0.00566847868851,0.791290249001
405,0.668778746889,0.0025173336879,0.0269883968974,0.0100799515758,0.291635570949
406,0.370854775034,0.00118792331281,0.0207977057117,0.494727456263,0.112432139678
407,0.626951960679,0.00174871136632,0.0227383147895,0.0370967679671,0.311464245198
408,0.0635523497543,0.00203807369667,0.171772165944,0.637493269966,0.12514414064
409,0.75672060952,0.00152751584193,0.00415004128531,0.0994463983123,0.138155435041
410,0.000654638136922,0.0252211592692,0.0974282210105,0.00458538674917,0.872110594834
411,0.125101512123,0.00633383724371,0.0127288231688,0.221916970959,0.633918856506
412,0.651845734273,0.0091354946077,0.016183984576,0.0598171576337,0.26301762891
413,0.460057726005,0.0012549740342,0.0222981361164,0.322804080481,0.193585083363
414,0.648409605404,0.00424355656564,0.0175103390536,0.0779118891648,0.251924609812
415,0.211685854996,0.000708380427512,0.0876801425389,0.567634261056,0.132291360982
416,0.879163608294,0.00224294517739,0.00408322413403,0.0280608525172,0.0864493698776
417,0.72142957984,0.000947209216707,0.00899217703337,0.205720321559,0.0629107123514
418,0.497558301572,0.00153110338092,0.0152621912503,0.293719484037,0.191928919759
419,0.671273049777,0.00201829748632,0.00692900771529,0.0436672903852,0.276112354636
420,0.541990213539,0.000537674799052,0.0338067175765,0.0273803068411,0.396285087244
421,0.704695172358,0.00084649397609,0.00390306256407,0.185228707971,0.105326563131
422,0.0824780090601,0.0118753321523,0.0830385609167,0.00427686331627,0.818331234555
423,0.0972927049472,0.0415644505297,0.058268364227,0.00356422460523,0.799310255691
424,0.646105918594,0.00844872325038,0.0183792012945,0.0456145842794,0.281451572581
425,0.528578567942,0.000788510067922,0.0410711176596,0.0461440664741,0.383417737856
426,0.0317734654307,0.0497326599555,0.109052941201,0.0301007026415,0.779340230772
427,0.676746103789,0.00315564683433,0.0303541083616,0.00601808366374,0.283726057352
428,0.118579043084,0.00927381668783,0.0925895048516,0.00679211029528,0.772765525081
429,0.0536521176758,0.0206727095882,0.0507457487037,0.292357923589,0.582571500444
430,0.0629219797048,0.0170435643474,0.0896296437974,0.00883393382311,0.821570878327
431,0.533011711595,0.000370663578502,0.0317542549456,0.0203587190154,0.414504650866
432,0.304012128471,0.00144326378604,0.015921623021,0.417738177309,0.260884807413
433,0.600811379998,0.00366664908959,0.014659257128,0.241812356822,0.139050356962
434,0.545869568856,0.00200686286711,0.0528882320529,0.273898393889,0.125336942334
435,0.025350741278,0.0240809936082,0.124662564543,0.00794477869626,0.817960921874
436,0.0710432726283,0.0285987220908,0.106115719342,0.00526461033769,0.788977675601
437,0.691160846168,0.00216173183159,0.00676965781079,0.0381532415716,0.261754522618
438,0.508619149094,0.000551299477042,0.0159763328395,0.32179885967,0.153054358919
439,0.0231509819649,0.0449664440649,0.120495274947,0.00994633012723,0.801440968896
440,0.677628495338,0.0019154903583,0.0117974498901,0.0742976189818,0.234360945431
441,0.0272534749958,0.0712967513371,0.0962113152977,0.10736568685,0.69787277152
442,0.462866522143,0.000642429005406,0.0200346504622,0.275022335754,0.241434062636
443,0.684591036258,0.0010473860228,0.0352830882704,0.0377284472854,0.241350042164
444,0.283844829798,0.00140313282245,0.0415641169364,0.537693833856,0.135494086587
445,0.494192375699,0.000995653063866,0.0225355381105,0.417523882457,0.0647525506697
446,0.599186341062,0.000999047088949,0.0474622267627,0.254834041918,0.0975183431689
447,0.678799838335,0.00251017313611,0.0163714168946,0.120580824224,0.18173774741
448,0.139044413986,0.0478770964033,0.0511928205464,0.0515264478677,0.710359221197
449,0.192164699454,0.0267685705439,0.0463006119684,0.0612562064726,0.673509911561
450,0.0472450939808,0.00926583462948,0.0482000170657,0.217798703045,0.677490351279
451,0.0623523301253,0.0146686508656,0.098926352074,0.0055579756091,0.818494691326
452,0.159196662406,0.00393154056414,0.300850739676,0.325705588245,0.210315469108
453,0.638719118201,0.00283618444589,0.00643649875416,0.255916868668,0.0960913299313
454,0.0541696059867,0.046805867486,0.121192185241,0.0107885093327,0.767043831954
455,0.503014035935,0.000846184434362,0.0592338893057,0.323373641263,0.113532249063
456,0.543888744208,0.00050951244162,0.00381666588098,0.35982925589,0.0919558215793
457,0.72125283816,0.000938076819911,0.0727007094891,0.0361863535199,0.168922022011
458,0.0125418031387,0.00512688444462,0.177334389278,0.305530700884,0.499466222255
459,0.71470384581,0.00233750005152,0.00628470204875,0.0517634717811,0.224910480308
460,0.00113427230812,0.0260379882848,0.0734300483134,0.00404422540919,0.895353465684
461,0.680978851269,0.000301720871774,0.0295480294738,0.162963646888,0.126207751498
462,0.242824852754,0.00830966847527,0.0380225546965,0.516314808801,0.194528115273
463,0.147444679988,0.0339734852151,0.0728944650829,0.00648520104833,0.739202168666
464,0.0296108981213,0.0129997851379,0.0438480688738,0.202836385009,0.710704862857
465,0.530949456765,0.000791253289258,0.0235595633567,0.40245020701,0.0422495195786
466,0.441975953379,0.000571667975484,0.0029868034987,0.217762548819,0.336703026328
467,0.0111493589079,0.00287449784887,0.385354577854,0.0409177170367,0.559703848353
468,0.599431646406,0.00274833900683,0.0766709832931,0.226110398826,0.0950386324688
469,0.784139166024,0.00236021238438,0.0101149102504,0.0330569501136,0.170328761228
470,0.448800606267,0.00142551027818,0.0233163133456,0.0305387320595,0.49591883805
471,0.0251680923224,0.0165237596559,0.138633035098,0.00478084374491,0.814894269179
472,0.000429743158758,0.0208538027036,0.422032054801,0.128803222505,0.427881176832
473,0.64002640969,0.00110814191812,0.0188972923496,0.0140988577343,0.325869298308
474,0.390222821803,0.00116304509568,0.0787591764548,0.34554711949,0.184307837156
475,0.658263006963,0.00242685429336,0.0067053001466,0.23188883139,0.100716007208
476,0.861725103025,0.00142872829613,0.00423786431572,0.0375311925254,0.0950771118374
477,0.0271562468029,0.0446484103728,0.154242479318,0.00882032861603,0.76513253489
478,0.442190748477,0.00103054774196,0.0401111401119,0.384625076466,0.132042487203
479,0.0867865554274,0.0611994614518,0.0797948625925,0.00559712877922,0.766621991749
480,0.820261483303,0.00283874393669,0.00988846820729,0.0392807725625,0.12773053199
481,0.00917817053661,0.0156716584385,0.204506055443,0.37709311995,0.393550995633
482,0.0677469998674,0.00672747394681,0.0614592345359,0.212969804602,0.651096487048
483,0.201077022685,0.000793753990321,0.0466245842383,0.565702497202,0.185802141884
484,0.0673401783665,0.0131921908566,0.11560232895,0.0266856669947,0.777179634833
