ID,Adoption,Died,Euthanasia,Return_to_owner,Transfer
1,0.0453333333333,0.0005,0.05,0.1305,0.773666666667
2,0.607,0.0,0.011,0.2265,0.1555
3,0.275725,0.0,0.0035,0.146875,0.5739
4,0.173,0.0045,0.0385,0.204,0.58
5,0.486901190476,0.001,0.003,0.293398809524,0.2157
6,0.4105,0.0005,0.028,0.3185,0.2425
7,0.464833333333,0.003,0.138,0.1495,0.244666666667
8,0.7255,0.0115,0.0265,0.0795,0.157
9,0.6265,0.0005,0.0085,0.228,0.1365
10,0.743,0.0,0.1,0.11425,0.04275
11,0.524,0.0,0.0085,0.282666666667,0.184833333333
12,0.0225,0.0,0.0985,0.1655,0.7135
13,0.695083333333,0.0,0.0115,0.16725,0.126166666667
14,0.804,0.0005,0.0035,0.029,0.163
15,0.6245,0.001,0.004,0.185375,0.185125
16,0.764125,0.0,0.0105,0.16,0.065375
17,0.271,0.0125,0.0595,0.37,0.287
18,0.3575,0.001,0.0055,0.48,0.156
19,0.1445,0.0005,0.0635,0.110125,0.681375
20,0.0085,0.0075,0.152,0.004,0.828
21,0.673375,0.0,0.0105,0.145,0.171125
22,0.001,0.0075,0.128,0.0285,0.835
23,0.67125,0.0,0.0095,0.221,0.09825
24,0.011,0.0085,0.061,0.0,0.9195
25,0.804,0.0,0.0125,0.093,0.0905
26,0.207,0.0035,0.1725,0.168,0.449
27,0.84175,0.0,0.001,0.018,0.13925
28,0.0365,0.0175,0.173,0.0915,0.6815
29,0.253166666667,0.0,0.0415,0.2505,0.454833333333
30,0.145666666667,0.0005,0.0365,0.606,0.211333333333
31,0.351,0.003,0.0235,0.18,0.4425
32,0.806166666667,0.0005,0.005,0.0865,0.101833333333
33,0.425,0.004,0.1385,0.079,0.3535
34,0.89,0.006,0.0165,0.0635,0.024
35,0.365205952381,0.009,0.0035,0.0005,0.621794047619
36,0.6225,0.0,0.009,0.1895,0.179
37,0.2345,0.0195,0.144,0.0475,0.5545
38,0.893166666667,0.0,0.001,0.0235,0.0823333333333
39,0.307,0.0,0.019,0.396,0.278
40,0.486,0.0,0.02,0.1025,0.3915
41,0.06,0.002,0.018,0.3255,0.5945
42,0.006,0.0,0.008,0.0,0.986
43,0.275533333333,0.0,0.001,0.00758333333333,0.715883333333
44,0.012,0.0505,0.096,0.0045,0.837
45,0.306,0.0,0.1455,0.051,0.4975
46,0.638,0.0,0.0105,0.07,0.2815
47,0.439875,0.0,0.0645,0.195625,0.3
48,0.5768,0.0,0.0185,0.2297,0.175
49,0.3205,0.0,0.0195,0.497,0.163
50,0.1275,0.0005,0.025,0.313,0.534
51,0.358,0.0635,0.077,0.0251666666667,0.476333333333
52,0.479,0.0015,0.024,0.3735,0.122
53,0.9865,0.0005,0.0005,0.006,0.0065
54,0.054375,0.002,0.0415,0.008,0.894125
55,0.028,0.0065,0.206625,0.0225,0.736375
56,0.393841666667,0.003,0.027,0.0945,0.481658333333
57,0.633833333333,0.0,0.0125,0.2465,0.107166666667
58,0.002,0.0005,0.0901666666667,0.0,0.907333333333
59,0.00175,0.0065,0.0325,0.0,0.95925
60,0.7305,0.0,0.008,0.1075,0.154
61,0.6985,0.001,0.029,0.074,0.1975
62,0.08,0.0025,0.368,0.357333333333,0.192166666667
63,0.516,0.0035,0.0305,0.221,0.229
64,0.00725,0.0185,0.1995,0.00366666666667,0.771083333333
65,0.007,0.02,0.082,0.0,0.891
66,0.7795,0.0,0.001,0.18,0.0395
67,0.843,0.0,0.0,0.0065,0.1505
68,0.24,0.001,0.126,0.26,0.373
69,0.3825,0.0015,0.068,0.311,0.237
70,0.010375,0.0,0.029,0.0005,0.960125
71,0.019,0.0005,0.0165,0.0105,0.9535
72,0.886,0.0,0.001,0.0565,0.0565
73,0.0005,0.004,0.111,0.0,0.8845
74,0.324,0.0,0.019,0.170666666667,0.486333333333
75,0.026,0.0305,0.192,0.085,0.6665
76,0.212041666667,0.126,0.156,0.059,0.446958333333
77,0.9425,0.0,0.002,0.021,0.0345
78,0.206166666667,0.001,0.136,0.028,0.628833333333
79,0.445,0.0035,0.0165,0.4485,0.0865
80,0.2585,0.0005,0.014,0.119916666667,0.607083333333
81,0.0025,0.0265,0.0405,0.0,0.9305
82,0.0005,0.0005,0.024,0.0,0.975
83,0.54425,0.0,0.0395,0.20875,0.2075
84,0.006,0.0075,0.055,0.00045,0.93105
85,0.255,0.0045,0.0325,0.5185,0.1895
86,0.08575,0.021,0.126,0.001,0.76625
87,0.0365,0.0005,0.2005,0.428,0.3345
88,0.473166666667,0.0035,0.099375,0.207741666667,0.216216666667
89,0.01,0.2175,0.1185,0.0065,0.6475
90,0.5719,0.0,0.0025,0.015,0.4106
91,0.014,0.0105,0.29485,0.007,0.67365
92,0.0,0.002,0.1385,0.0005,0.859
93,0.840142857143,0.0005,0.0295,0.0155,0.114357142857
94,0.620708333333,0.0005,0.004,0.329,0.0457916666667
95,0.117,0.019,0.0735,0.041,0.7495
96,0.684,0.0,0.013,0.233416666667,0.0695833333333
97,0.679283333333,0.0,0.0245,0.238,0.0582166666667
98,0.029,0.0255,0.03,0.0,0.9155
99,0.302,0.042,0.0325,0.0075,0.616
100,0.3945,0.0,0.022,0.2495,0.334
101,0.308779761905,0.0,0.003,0.0125,0.675720238095
102,0.96125,0.001,0.0025,0.0075,0.02775
103,0.2495,0.0,0.0615,0.4665,0.2225
104,0.394,0.0,0.061,0.334,0.211
105,0.37225,0.0,0.0535,0.1025,0.47175
106,0.828,0.0005,0.004,0.0795,0.088
107,0.4615,0.0,0.034,0.218,0.2865
108,0.024,0.0035,0.12,0.4405,0.412
109,0.772,0.0,0.027,0.0635,0.1375
110,0.27625,0.0,0.0545,0.343,0.32625
111,0.508791666667,0.0,0.005,0.403833333333,0.082375
112,0.39685,0.0,0.0205,0.39015,0.1925
113,0.303,0.003,0.0175,0.5235,0.153
114,0.229,0.0,0.0625,0.4965,0.212
115,0.0095,0.0235,0.0885,0.0005,0.878
116,0.783,0.0,0.0025,0.09,0.1245
117,0.8298625,0.0,0.002,0.0975,0.0706375
118,0.0405,0.0,0.174,0.388,0.3975
119,0.1985,0.001,0.046,0.578,0.1765
120,0.4775,0.0035,0.095,0.0735,0.3505
121,0.690820526696,0.0,0.0,0.00916666666667,0.300012806638
122,0.908,0.0,0.0045,0.0275,0.06
123,0.758357142857,0.0,0.0095,0.0265,0.205642857143
124,0.001,0.411960119048,0.0077,0.0,0.579339880952
125,0.01,0.0075,0.0185,0.0195,0.9445
126,0.733,0.0,0.003,0.0815,0.1825
127,0.167,0.024,0.1265,0.0475,0.635
128,0.797239285714,0.0005,0.001,0.088,0.113260714286
129,0.874178174603,0.0,0.0035,0.0175,0.104821825397
130,0.927416666667,0.0,0.007,0.047,0.0185833333333
131,0.330366666667,0.0,0.081,0.447133333333,0.1415
132,0.935252380952,0.0,0.0045,0.0025,0.0577476190476
133,0.82275,0.0005,0.0075,0.027,0.14225
134,0.4275,0.0,0.0265,0.4246,0.1214
135,0.793,0.0,0.082,0.0485,0.0765
136,0.423,0.0,0.015,0.4365,0.1255
137,0.7585,0.0,0.02,0.0705,0.151
138,0.0065,0.0005,0.06675,0.0,0.92625
139,0.49,0.0015,0.0085,0.4025,0.0975
140,0.6,0.0,0.003,0.294,0.103
141,0.656283333333,0.0005,0.0005,0.158369047619,0.184347619048
142,0.33175,0.0055,0.0445,0.0215,0.59675
143,0.3705,0.001,0.0585,0.3485,0.2215
144,0.388,0.0,0.127,0.305,0.18
145,0.347766666667,0.0005,0.297,0.24075,0.113983333333
146,0.143,0.0,0.1575,0.475,0.2245
147,0.496,0.004,0.068,0.256,0.176
148,0.387083333333,0.0005,0.033,0.4415,0.137916666667
149,0.003,0.0045,0.0260833333333,0.009,0.957416666667
150,0.0665,0.0025,0.065,0.0065,0.8595
151,0.3835,0.004,0.1035,0.076,0.433
152,0.0475,0.015,0.117,0.006,0.8145
153,0.628208333333,0.0,0.0155,0.109,0.247291666667
154,0.0775,0.003,0.088,0.119,0.7125
155,0.767705952381,0.004,0.0015,0.023,0.203794047619
156,0.8305,0.0,0.0015,0.0725,0.0955
157,0.443,0.0,0.027,0.334,0.196
158,0.0875,0.067,0.062075,0.001,0.782425
159,0.3735,0.001,0.025,0.3265,0.274
160,0.692125,0.0,0.0045,0.231166666667,0.0722083333333
161,0.656,0.0035,0.001,0.1875,0.152
162,0.554,0.0,0.0115,0.1425,0.292
163,0.001,0.0095,0.004,0.0035,0.982
164,0.951,0.0,0.0,0.007,0.042
165,0.2955,0.0125,0.037,0.433,0.222
166,0.928,0.0,0.0015,0.0115,0.059
167,0.6,0.0,0.024,0.2325,0.1435
168,0.729,0.0005,0.0175,0.2045,0.0485
169,0.4085,0.0,0.012,0.488,0.0915
170,0.656,0.0,0.0005,0.0805,0.263
171,0.007,0.0265,0.414,0.044,0.5085
172,0.507666666667,0.001,0.0145,0.28805,0.188783333333
173,0.3275,0.0,0.1575,0.3975,0.1175
174,0.408,0.0055,0.1365,0.3625,0.0875
175,0.2495,0.072,0.0259333333333,0.342566666667,0.31
176,0.453070238095,0.023,0.0065,0.0005,0.516929761905
177,0.177,0.0045,0.1,0.561,0.1575
178,0.6915,0.0005,0.054,0.1455,0.1085
179,0.573,0.0055,0.064,0.1325,0.225
180,0.0396,0.006,0.084525,0.096,0.773875
181,0.0,0.0015,0.0055,0.0,0.993
182,0.540383333333,0.014,0.061,0.017,0.367616666667
183,0.1315,0.0,0.012,0.1235,0.733
184,0.0405,0.003,0.0385,0.158,0.76
185,0.3555,0.001,0.0015,0.287,0.355
186,0.363,0.0085,0.0555,0.387,0.186
187,0.01875,0.0205,0.059,0.0005,0.90125
188,0.578,0.0,0.0035,0.321,0.0975
189,0.754,0.0,0.0025,0.15,0.0935
190,0.8315,0.0015,0.0125,0.0995,0.055
191,0.3465,0.003,0.009,0.454225,0.187275
192,0.634,0.0,0.022,0.2405,0.1035
193,0.1545,0.0005,0.0470833333333,0.3105,0.487416666667
194,0.685166666667,0.0015,0.0015,0.07,0.241833333333
195,0.835,0.0005,0.004,0.0645,0.096
196,0.6598,0.0005,0.001,0.0585,0.2802
197,0.5715,0.0,0.0225,0.216,0.19
198,0.0971666666667,0.0,0.004,0.0153333333333,0.8835
199,0.3145,0.0,0.116,0.375,0.1945
200,0.6885,0.0,0.0025,0.162,0.147
201,0.0005,0.001,0.00866666666667,0.0,0.989833333333
202,0.480333333333,0.0015,0.0075,0.2005,0.310166666667
203,0.711,0.0,0.0345,0.23,0.0245
204,0.7855,0.0,0.0035,0.0785,0.1325
205,0.1145,0.003,0.0495,0.5235,0.3095
206,0.46025,0.0005,0.096,0.063,0.38025
207,0.433,0.0,0.027,0.372,0.168
208,0.092,0.005,0.1575,0.4,0.3455
209,0.405525,0.0,0.0185,0.386975,0.189
210,0.584916666667,0.0,0.009,0.291916666667,0.114166666667
211,0.021,0.011,0.2205,0.005,0.7425
212,0.1765,0.0005,0.0065,0.5445,0.272
213,0.494,0.0,0.0455,0.38,0.0805
214,0.5812,0.0005,0.012,0.093,0.3133
215,0.0135,0.033,0.0525,0.0,0.901
216,0.45,0.0,0.0095,0.083,0.4575
217,0.806,0.0085,0.038,0.03,0.1175
218,0.4958875,0.0,0.0405,0.0632369047619,0.400375595238
219,0.576,0.0,0.0095,0.127,0.2875
220,0.3245,0.0,0.016,0.5205,0.139
221,0.0565,0.0015,0.1765,0.521,0.2445
222,0.0235,0.014,0.08575,0.0,0.87675
223,0.24,0.031,0.031,0.0105,0.6875
224,0.554416666667,0.0,0.0095,0.2655,0.170583333333
225,0.158,0.004,0.0835,0.4095,0.345
226,0.8555,0.0,0.0035,0.0501166666667,0.0908833333333
227,0.0335,0.007,0.3055,0.0005,0.6535
228,0.0075,0.003,0.0216666666667,0.025,0.942833333333
229,0.664916666667,0.0,0.009,0.200333333333,0.12575
230,0.007,0.011,0.024,0.0,0.958
231,0.975875,0.0,0.0,0.0135,0.010625
232,0.5312,0.0,0.0085,0.2185,0.2418
233,0.048,0.0015,0.475,0.0015,0.474
234,0.0315,0.001,0.421333333333,0.257166666667,0.289
235,0.3275,0.02,0.0485,0.528166666667,0.0758333333333
236,0.87535,0.0,0.006,0.0135,0.10515
237,0.43675,0.0005,0.008,0.414,0.14075
238,0.0455,0.002,0.19,0.046,0.7165
239,0.8483,0.0005,0.001,0.12,0.0302
240,0.8495,0.0,0.0205,0.0295,0.1005
241,0.874,0.0015,0.0065,0.0635,0.0545
242,0.341,0.0,0.009,0.255,0.395
243,0.804,0.0015,0.011,0.0185,0.165
244,0.379,0.0,0.0095,0.1525,0.459
245,0.331175,0.002,0.0365,0.2285,0.401825
246,0.4155,0.0,0.027,0.3375,0.22
247,0.556166666667,0.0,0.01,0.090375,0.343458333333
248,0.58375,0.0005,0.005,0.07675,0.334
249,0.284,0.0,0.0065,0.588,0.1215
250,0.467575,0.0,0.0205,0.3765,0.135425
251,0.002,0.005,0.03,0.8485,0.1145
252,0.308166666667,0.0005,0.0295,0.474,0.187833333333
253,0.0155,0.0365,0.12225,0.003,0.82275
254,0.1005,0.0,0.157,0.6125,0.13
255,0.0448583333333,0.0226,0.0725,0.0,0.860041666667
256,0.5855,0.0,0.008,0.2025,0.204
257,0.3545,0.0,0.032,0.0928333333333,0.520666666667
258,0.844458333333,0.0,0.0055,0.0055,0.144541666667
259,0.257,0.0025,0.1095,0.476,0.155
260,0.56875,0.0,0.0045,0.14125,0.2855
261,0.712,0.0025,0.0045,0.121,0.16
262,0.780616666667,0.0,0.004,0.106508333333,0.108875
263,0.527,0.0,0.0315,0.2125,0.229
264,0.47875,0.0,0.0265,0.2805,0.21425
265,0.3365,0.0265,0.003,0.5,0.134
266,0.538,0.003,0.09425,0.175,0.18975
267,0.0135,0.0085,0.142,0.017,0.819
268,0.0365,0.0095,0.447,0.0355,0.4715
269,0.0025,0.007,0.055,0.0005,0.935
270,0.658066666667,0.0065,0.0055,0.118,0.211933333333
271,0.0055,0.012,0.023,0.0025,0.957
272,0.1055,0.078,0.0615,0.01,0.745
273,0.058,0.038,0.0535,0.454,0.3965
274,0.3583,0.0005,0.0435,0.1265,0.4712
275,0.48375,0.009,0.15475,0.13725,0.21525
276,0.0155,0.0085,0.107,0.003,0.866
277,0.003,0.0145,0.0337777777778,0.0,0.948722222222
278,0.298,0.0095,0.125,0.1835,0.384
279,0.607375,0.0,0.02,0.0965,0.276125
280,0.149178571429,0.1085,0.0545,0.038,0.649821428571
281,0.486375,0.0,0.1,0.257,0.156625
282,0.2245,0.0,0.0445,0.5455,0.1855
283,0.007,0.0015,0.007,0.008,0.9765
284,0.740633333333,0.0,0.0005,0.0595,0.199366666667
285,0.159,0.0005,0.154,0.416,0.2705
286,0.363125,0.0,0.0365,0.36925,0.231125
287,0.0095,0.0105,0.037,0.0005,0.9425
288,0.00095,0.0015,0.0657,0.001,0.93085
289,0.528,0.0045,0.002,0.122,0.3435
290,0.52475,0.0005,0.015,0.29525,0.1645
291,0.618225,0.0,0.029,0.029,0.323775
292,0.964383333333,0.0,0.0015,0.00961666666667,0.0245
293,0.842958333333,0.0035,0.0065,0.005,0.142041666667
294,0.0315,0.0075,0.1315,0.021,0.8085
295,0.186,0.0,0.0605,0.724,0.0295
296,0.012,0.0015,0.0675,0.0165,0.9025
297,0.5005,0.0015,0.056,0.335125,0.106875
298,0.0325,0.0275,0.1292,0.038,0.7728
299,0.699833333333,0.0,0.0215,0.192,0.0866666666667
300,0.279,0.0,0.0055,0.375866666667,0.339633333333
301,0.435375,0.0,0.010375,0.50775,0.0465
302,0.763983333333,0.0,0.0005,0.0575,0.178016666667
303,0.93895,0.0005,0.0025,0.01,0.04805
304,0.489425,0.0005,0.036,0.345,0.129075
305,0.013,0.0075,0.32,0.1005,0.559
306,0.3535,0.004,0.0525,0.5375,0.0525
307,0.556875,0.0,0.001,0.1565,0.285625
308,0.328466666667,0.0,0.0205,0.231,0.420033333333
309,0.894,0.0,0.001,0.0655,0.0395
310,0.205,0.0345833333333,0.0145,0.0349880952381,0.710928571429
311,0.3695,0.0,0.149,0.1235,0.358
312,0.948,0.0,0.0235,0.0085,0.02
313,0.012,0.0,0.14,0.0,0.848
314,0.161,0.0,0.0085,0.214,0.6165
315,0.0025,0.00283333333333,0.0342166666667,0.003,0.95745
316,0.5115,0.0,0.013,0.4105,0.065
317,0.326,0.0,0.015,0.5045,0.1545
318,0.633485714286,0.0025,0.0055,0.08,0.278514285714
319,0.023,0.015,0.0855,0.0025,0.874
320,0.4965,0.001,0.033,0.34,0.1295
321,0.174,0.0,0.006,0.192,0.628
322,0.002,0.0045,0.04155,0.003,0.94895
323,0.004,0.00233333333333,0.0704666666667,0.0,0.9232
324,0.5365,0.0,0.083,0.12,0.2605
325,0.868,0.0,0.001,0.0125,0.1185
326,0.788251190476,0.0,0.001,0.0045,0.206248809524
327,0.747,0.001,0.005,0.1175,0.1295
328,0.4075,0.0,0.03,0.278,0.2845
329,0.573,0.0,0.0075,0.2075,0.212
330,0.0525,0.017,0.0515,0.348,0.531
331,0.372,0.0,0.168,0.3645,0.0955
332,0.0025,0.0,0.036,0.0,0.9615
333,0.9285,0.0,0.009,0.0435,0.019
334,0.308,0.0,0.0025,0.0075,0.682
335,0.0305,0.169,0.156,0.047,0.5975
336,0.975616666667,0.0,0.0005,0.002,0.0218833333333
337,0.027,0.0221,0.440666666667,0.025,0.485233333333
338,0.241,0.0,0.145,0.227,0.387
339,0.0925,0.0215,0.2225,0.145,0.5185
340,0.348,0.011,0.098975,0.3199,0.222125
341,0.052,0.0015,0.013,0.0085,0.925
342,0.506583333333,0.001,0.012,0.017,0.463416666667
343,0.0195,0.008,0.336,0.11,0.5265
344,0.533416666667,0.002,0.009,0.20325,0.252333333333
345,0.913583333333,0.0,0.007,0.0139166666667,0.0655
346,0.3825,0.0025,0.0576666666667,0.311666666667,0.245666666667
347,0.165,0.0,0.0115,0.7855,0.038
348,0.334625,0.0125,0.03355,0.012,0.607325
349,0.1538,0.0,0.02,0.68,0.1462
350,0.339,0.0095,0.046,0.2785,0.327
351,0.533,0.0005,0.002,0.1705,0.294
352,0.004,0.0345,0.0625,0.0035,0.8955
353,0.39,0.0155,0.031,0.469,0.0945
354,0.944,0.0,0.0015,0.01625,0.03825
355,0.642833333333,0.0,0.0025,0.162,0.192666666667
356,0.001,0.001,0.148766666667,0.0,0.849233333333
357,0.609166666667,0.0005,0.039,0.1135,0.237833333333
358,0.7275,0.0,0.003,0.0565,0.213
359,0.209064285714,0.0165,0.0185,0.0005,0.755435714286
360,0.6395,0.0,0.005,0.0335,0.322
361,0.7416,0.0,0.0025,0.0235,0.2324
362,0.0445,0.01,0.0285,0.1545,0.7625
363,0.2,0.0015,0.0165,0.512,0.27
364,0.4035,0.0025,0.0365,0.2915,0.266
365,0.6365,0.0,0.0125,0.1475,0.2035
366,0.005,0.0025,0.5935,0.0075,0.3915
367,0.4445,0.005,0.004,0.105,0.4415
368,0.0675,0.0075,0.3695,0.183,0.3725
369,0.0045,0.0765,0.3285,0.01,0.5805
370,0.5655,0.0,0.0215,0.0905,0.3225
371,0.4005,0.0,0.021,0.1605,0.418
372,0.737,0.0005,0.003,0.0675,0.192
373,0.99725,0.002,0.0,0.00025,0.0005
374,0.1655,0.0,0.0705,0.5425,0.2215
375,0.004,0.0075,0.0595,0.002,0.927
376,0.359,0.0,0.002,0.451041666667,0.187958333333
377,0.206,0.0,0.06,0.11535,0.61865
378,0.683,0.0,0.004,0.219,0.094
379,0.50975,0.0,0.007,0.1765,0.30675
380,0.348986904762,0.154,0.0272916666667,0.0025,0.467221428571
381,0.7105,0.017,0.1375,0.024,0.111
382,0.047,0.009,0.195,0.0035,0.7455
383,0.0165,0.0237416666667,0.06,0.001,0.898758333333
384,0.005,0.006,0.157,0.004,0.828
385,0.5825,0.019,0.001,0.261,0.1365
386,0.254666666667,0.0005,0.042,0.420833333333,0.282
387,0.035325,0.024625,0.13545,0.003,0.8016
388,0.522,0.0005,0.0095,0.2865,0.1815
389,0.744077380952,0.0,0.00692261904762,0.017,0.232
390,0.837166666667,0.0,0.082,0.0005,0.0803333333333
391,0.0465,0.009,0.1505,0.458,0.336
392,0.0,0.0,0.0025,0.081,0.9165
393,0.70225,0.0,0.003,0.0235,0.27125
394,0.006,0.002,0.0365,0.0155,0.94
395,0.3315,0.0005,0.0575,0.428,0.1825
396,0.253,0.004,0.0395,0.4625,0.241
397,0.04675,0.0005,0.237,0.4535,0.26225
398,0.676946428571,0.0115,0.013,0.0095,0.289053571429
399,0.403666666667,0.0,0.005,0.235,0.356333333333
400,0.61,0.002,0.0095,0.1435,0.235
401,0.894775,0.0,0.0265,0.013225,0.0655
402,0.7535,0.0,0.0035,0.1715,0.0715
403,0.5935,0.0,0.0055,0.3365,0.0645
404,0.007,0.046,0.112166666667,0.0,0.834833333333
405,0.2225,0.004,0.025,0.011,0.7375
406,0.263625,0.0045,0.0265,0.4865,0.218875
407,0.39825,0.0,0.0075,0.047,0.54725
408,0.3055,0.0015,0.058,0.4915,0.1435
409,0.7865,0.0,0.002,0.1255,0.086
410,0.001,0.0075,0.0266833333333,0.0005,0.964316666667
411,0.0755,0.006,0.0495,0.285,0.584
412,0.941001785714,0.0005,0.002,0.0015,0.0549982142857
413,0.610333333333,0.0005,0.018,0.226666666667,0.1445
414,0.90325,0.0,0.0015,0.0195,0.07575
415,0.534,0.0,0.139,0.2582,0.0688
416,0.999,0.0,0.0,0.0005,0.0005
417,0.5775,0.0,0.0315,0.216,0.175
418,0.25725,0.0,0.023,0.33325,0.3865
419,0.849173809524,0.0005,0.0,0.009775,0.140551190476
420,0.6655,0.0,0.0025,0.1265,0.2055
421,0.7995,0.0,0.0,0.09845,0.10205
422,0.004,0.0,0.017,0.0005,0.9785
423,0.018,0.0945,0.0181916666667,0.002,0.867308333333
424,0.881,0.002,0.0135,0.015,0.0885
425,0.656608333333,0.0045,0.0135,0.0745,0.250891666667
426,0.008,0.104,0.2365,0.072,0.5795
427,0.8255,0.0015,0.0105,0.017,0.1455
428,0.0395,0.0085,0.3465,0.0025,0.603
429,0.0335,0.0045,0.0105,0.14,0.8115
430,0.0075,0.0075,0.089,0.0,0.896
431,0.607,0.0,0.0025,0.074,0.3165
432,0.1855,0.0,0.017,0.634,0.1635
433,0.5985,0.009,0.068,0.167,0.1575
434,0.4965,0.0,0.025,0.28375,0.19475
435,0.0035,0.053,0.0515,0.001,0.891
436,0.007,0.0025,0.015,0.0005,0.975
437,0.389166666667,0.0,0.0,0.0188333333333,0.592
438,0.3095,0.0,0.0345,0.5075,0.1485
439,0.0025,0.0545,0.209,0.008,0.726
440,0.633,0.0,0.006,0.1065,0.2545
441,0.0575,0.16,0.129,0.071,0.5825
442,0.5052,0.0,0.013,0.19675,0.28505
443,0.7625,0.0,0.0025,0.118,0.117
444,0.281,0.0,0.025,0.555833333333,0.138166666667
445,0.498,0.0,0.009,0.3865,0.1065
446,0.591,0.0,0.013,0.25745,0.13855
447,0.7265,0.0025,0.0205,0.057,0.1935
448,0.06,0.0095,0.025,0.01,0.8955
449,0.567466666667,0.03,0.0485,0.021,0.333033333333
450,0.1495,0.0005,0.021,0.069,0.76
451,0.02775,0.054205952381,0.0195,0.003,0.895544047619
452,0.303808333333,0.001,0.027,0.1185,0.549691666667
453,0.438408333333,0.0005,0.0055,0.4185,0.137091666667
454,0.0055,0.014,0.175,0.001,0.8045
455,0.431,0.0,0.049,0.2154,0.3046
456,0.3815,0.0,0.0225,0.5025,0.0935
457,0.803,0.0005,0.0075,0.07,0.119
458,0.099,0.0015,0.3575,0.3325,0.2095
459,0.8058,0.0,0.0015,0.0635,0.1292
460,0.0,0.0485,0.0443416666667,0.0,0.907158333333
461,0.673625,0.0,0.016,0.164625,0.14575
462,0.2655,0.0,0.131,0.45175,0.15175
463,0.0255,0.025,0.5255,0.0035,0.4205
464,0.097,0.001,0.102,0.244,0.556
465,0.44,0.0095,0.003,0.455,0.0925
466,0.5435,0.0005,0.0095,0.2795,0.167
467,0.0085,0.001,0.253,0.2445,0.493
468,0.619,0.0005,0.0555,0.2025,0.1225
469,0.422,0.0005,0.015,0.02975,0.53275
470,0.4325,0.0035,0.049,0.136,0.379
471,0.014,0.006,0.058,0.0,0.922
472,0.011,0.019,0.495,0.127,0.348
473,0.956,0.0005,0.004,0.006,0.0335
474,0.456458333333,0.0,0.0975,0.352458333333,0.0935833333333
475,0.6095,0.0,0.0025,0.212,0.176
476,0.911,0.0005,0.007,0.043,0.0385
477,0.0035,0.002,0.0516666666667,0.0,0.942833333333
478,0.542666666667,0.0,0.03,0.242333333333,0.185
479,0.0055,0.0005,0.024825,0.0005,0.968675
480,0.676958333333,0.0105,0.047,0.1395,0.126041666667
481,0.0265,0.0,0.1095,0.611,0.253
482,0.1675,0.0095,0.11,0.2605,0.4525
483,0.2475,0.0005,0.016,0.5405,0.1955
484,0.0295,0.0035,0.1505,0.0105,0.806
485,0.606,0.003,0.0145,0.126,0.2505
486,0.01,0.0015,0.3705,0.363,0.255
487,0.577,0.0,0.034,0.272,0.117
488,0.589375,0.0,0.0045,0.272,0.134125
489,0.185041666667,0.032,0.087,0.01,0.685958333333
490,0.0005,0.12475,0.01525,0.0,0.8595
491,0.0045,0.0251666666667,0.0425,0.0005,0.927333333333
492,0.0225,0.004,0.166,0.5215,0.286
493,0.2695,0.0,0.021,0.637875,0.071625
494,0.535,0.0045,0.028,0.321,0.1115
495,0.06,0.0085,0.0365,0.199,0.696
496,0.715416666667,0.0,0.0225,0.115,0.147083333333
497,0.403572150072,0.0005,0.0035,0.164,0.428427849928
498,0.588,0.001,0.0635,0.159,0.1885
499,0.814875,0.0,0.003,0.058,0.124125
500,0.178,0.0,0.176,0.3,0.346
501,0.7965,0.002,0.0281666666667,0.003,0.170333333333
502,0.444,0.003,0.042,0.39,0.121
503,0.514666666667,0.026,0.1005,0.0783333333333,0.2805
504,0.786766666667,0.0265,0.0115,0.0475,0.127733333333
505,0.227,0.001,0.018,0.5695,0.1845
506,0.40925,0.002,0.027,0.21075,0.351
507,0.0975,0.0025,0.1445,0.3095,0.446
508,0.645816666667,0.0,0.0659047619048,0.183920238095,0.104358333333
509,0.4705,0.0005,0.028,0.3875,0.1135
510,0.826383333333,0.0,0.005,0.00616666666667,0.16245
511,0.6,0.0,0.0045,0.267,0.1285
512,0.1935,0.0015,0.032,0.643,0.13
513,0.678833333333,0.0005,0.0125,0.2165,0.0916666666667
514,0.061,0.002,0.028,0.0005,0.9085
515,0.1745,0.001,0.0475,0.6485,0.1285
516,0.551,0.0005,0.0045,0.2379,0.2061
517,0.262291666667,0.0065,0.137,0.021,0.573208333333
518,0.695,0.0,0.011,0.097,0.197
519,0.0,0.0,0.012,0.0,0.988
520,0.0045,0.018,0.0415,0.004,0.932
521,0.57825,0.0,0.07,0.23825,0.1135
522,0.8565,0.0,0.009,0.056,0.0785
523,0.6565,0.0,0.0175,0.018,0.308
524,0.269,0.0,0.0295,0.197,0.5045
525,0.803008333333,0.0,0.0,0.0095,0.187491666667
526,0.2125,0.0,0.039,0.636,0.1125
527,0.447366666667,0.0,0.0235,0.24555,0.283583333333
528,0.2265,0.0,0.0455,0.575,0.153
529,0.021,0.0165,0.0405,0.0,0.922
530,0.948916666667,0.0065,0.003,0.006,0.0355833333333
531,0.0095,0.0185,0.10325,0.0,0.86875
532,0.4455,0.0005,0.0175,0.493,0.0435
533,0.672229761905,0.0005,0.003,0.0495,0.274770238095
534,0.81,0.0,0.003,0.074,0.113
535,0.067825,0.016,0.14375,0.0105,0.761925
536,0.784,0.0,0.0308333333333,0.0505,0.134666666667
537,0.5948,0.0,0.0065,0.2505,0.1482
538,0.380991666667,0.005,0.0195,0.0363333333333,0.558175
539,0.2563,0.0,0.025,0.4755,0.2432
540,0.0455,0.0005,0.31,0.2335,0.4105
541,0.0015,0.0005,0.03295,0.8925,0.07255
542,0.0,0.00233333333333,0.0842142857143,0.078,0.835452380952
543,0.813589285714,0.0005,0.0005,0.0615357142857,0.123875
544,0.0105,0.057,0.157,0.0,0.7755
545,0.009125,0.0025,0.0285,0.0005,0.959375
546,0.5345,0.0035,0.022,0.346,0.094
547,0.0035,0.0025,0.0655,0.0005,0.928
548,0.6185,0.0,0.001,0.1765,0.204
549,0.073,0.051,0.303,0.1305,0.4425
550,0.0205,0.014,0.048,0.0005,0.917
551,0.472,0.0,0.0095,0.3515,0.167
552,0.76785,0.0,0.034,0.12315,0.075
553,0.5865,0.0005,0.004,0.3455,0.0635
554,0.7737,0.001,0.0015,0.021,0.2028
555,0.0085,0.0175,0.1005,0.0115,0.862
556,0.279458333333,0.016,0.279,0.0065,0.419041666667
557,0.07,0.038,0.056,0.4385,0.3975
558,0.4325,0.0005,0.0315,0.3805,0.155
559,0.842297619048,0.0005,0.0015,0.0315,0.124202380952
560,0.1955,0.0,0.3345,0.4145,0.0555
561,0.3205,0.0,0.007,0.38675,0.28575
562,0.1705,0.01,0.067,0.6675,0.085
563,0.032,0.0015,0.126,0.2885,0.552
564,0.64375,0.0,0.006,0.122108333333,0.228141666667
565,0.011,0.006,0.2045,0.001,0.7775
566,0.4465,0.001,0.0155,0.1895,0.3475
567,0.017,0.001,0.0518416666667,0.0465,0.883658333333
568,0.737,0.0005,0.006,0.07,0.1865
569,0.54865,0.0,0.025,0.263691666667,0.162658333333
570,0.685,0.0005,0.003,0.1285,0.183
571,0.6825,0.0,0.0055,0.1965,0.1155
572,0.5,0.0,0.0155,0.344875,0.139625
573,0.0585,0.0,0.23,0.2505,0.461
574,0.012625,0.029,0.6375,0.0,0.320875
575,0.646,0.003,0.002,0.064,0.285
576,0.8595,0.0,0.0005,0.004,0.136
577,0.502,0.0025,0.023,0.312,0.1605
578,0.245,0.0,0.0,0.0155,0.7395
579,0.01225,0.132,0.0950833333333,0.004,0.756666666667
580,0.74,0.012,0.0,0.1385,0.1095
581,0.3675,0.0005,0.0305,0.5145,0.087
582,0.0095,0.0015,0.0965,0.0,0.8925
583,0.307,0.0005,0.003,0.612,0.0775
584,0.754875,0.0,0.0015,0.0519583333333,0.191666666667
585,0.325,0.0,0.004,0.0805,0.5905
586,0.0585,0.0258154761905,0.1005,0.0035,0.81168452381
587,0.81575,0.0035,0.011,0.0965,0.07325
588,0.033,0.019,0.117,0.0465,0.7845
589,0.543416666667,0.001,0.0145,0.0698333333333,0.37125
590,0.5505,0.0,0.045,0.206,0.1985
591,0.464625,0.0,0.022,0.237375,0.276
592,0.413,0.003,0.0055,0.3825,0.196
593,0.0445,0.008,0.2075,0.004,0.736
594,0.156,0.0005,0.102,0.601,0.1405
595,0.816975,0.0,0.0005,0.016025,0.1665
596,0.1605,0.0,0.0175,0.143,0.679
597,0.898833333333,0.0,0.009,0.0534166666667,0.03875
598,0.47,0.0,0.057,0.296,0.177
599,0.7895,0.009,0.0305,0.0795,0.0915
600,0.222933333333,0.1485,0.1065,0.023,0.499066666667
601,0.0035,0.003,0.015,0.001,0.9775
602,0.2865,0.0,0.0015,0.050375,0.661625
603,0.4695,0.003,0.041,0.237,0.2495
604,0.0285,0.02,0.1275,0.5655,0.2585
605,0.008,0.0165,0.07,0.001,0.9045
606,0.0115,0.005,0.0308,0.0005,0.9522
607,0.578,0.001,0.004,0.053,0.364
608,0.309308333333,0.0055,0.172,0.0890833333333,0.424108333333
609,0.0379095238095,0.017375,0.0564166666667,0.0005,0.887798809524
610,0.1035,0.0015,0.096,0.127,0.672
611,0.77925,0.0,0.001,0.07775,0.142
612,0.3155,0.0005,0.0165,0.2965,0.371
613,0.80975,0.0005,0.027,0.0630833333333,0.0996666666667
614,0.415666666667,0.004,0.0205,0.0985,0.461333333333
615,0.909375,0.0005,0.0025,0.0145,0.073125
616,0.2775,0.001,0.0215,0.594,0.106
617,0.903033333333,0.0,0.0315,0.0469666666667,0.0185
618,0.493476190476,0.0,0.057,0.232607142857,0.216916666667
619,0.954916666667,0.0,0.008,0.0135,0.0235833333333
620,0.99275,0.0,0.0005,0.0005,0.00625
621,0.0545,0.0055,0.148,0.021,0.771
622,0.7555,0.0005,0.016,0.128,0.1
623,0.1675,0.0,0.0675,0.110833333333,0.654166666667
624,0.163,0.0,0.1495,0.267,0.4205
625,0.45375,0.0,0.003,0.19625,0.347
626,0.1425,0.0,0.03,0.1175,0.71
627,0.309333333333,0.0005,0.0105,0.165,0.514666666667
628,0.0225416666667,0.0425,0.0431666666667,0.0,0.891791666667
629,0.4685,0.001,0.011,0.4445,0.075
630,0.0035,0.0045,0.0531666666667,0.009,0.929833333333
631,0.290083333333,0.0,0.0295,0.454916666667,0.2255
632,0.6905,0.0,0.005,0.2195,0.085
633,0.758708333333,0.0,0.0175,0.0275,0.196291666667
634,0.692,0.0,0.003,0.052,0.253
635,0.0145,0.026,0.0895,0.0005,0.8695
636,0.849,0.01,0.0135,0.0175,0.11
637,0.2265,0.0005,0.0,0.004,0.769
638,0.5865,0.0005,0.0295,0.257375,0.126125
639,0.007,0.0075,0.0287638888889,0.0155,0.941236111111
640,0.45,0.0,0.0,0.0255,0.5245
641,0.047,0.018,0.137,0.012,0.786
642,0.6415,0.005,0.0125,0.003,0.338
643,0.0005,0.0085,0.002,0.0,0.989
644,0.59645,0.0055,0.0045,0.22655,0.167
645,0.843666666667,0.0,0.011,0.0308333333333,0.1145
646,0.458933333333,0.0,0.07,0.383083333333,0.0879833333333
647,0.645,0.0,0.0575,0.154,0.1435
648,0.01,0.0095,0.0294166666667,0.0005,0.950583333333
649,0.0709583333333,0.005,0.1065,0.013,0.804541666667
650,0.0385,0.1215,0.063,0.0005,0.7765
651,0.01,0.0145,0.1235,0.0,0.852
652,0.796416666667,0.0,0.0005,0.0955,0.107583333333
653,0.2592,0.0,0.0175,0.5298,0.1935
654,0.7895,0.0,0.01,0.036,0.1645
655,0.937666666667,0.0,0.001,0.0585,0.00283333333333
656,0.076,0.006,0.035,0.117,0.766
657,0.049,0.0195,0.036,0.0295,0.866
658,0.563,0.0,0.005,0.35475,0.07725
659,0.648333333333,0.0,0.0015,0.0105,0.339666666667
660,0.7425,0.0,0.035,0.157208333333,0.0652916666667
661,0.0211142857143,0.0183333333333,0.067,0.0,0.893552380952
662,0.747,0.0,0.0305,0.0745,0.148
663,0.1755,0.0,0.026,0.1,0.6985
664,0.186,0.0,0.0065,0.7315,0.076
665,0.6085,0.001,0.015,0.206,0.1695
666,0.819666666667,0.0,0.0,0.133,0.0473333333333
667,0.481875,0.0,0.081,0.176,0.261125
668,0.653,0.0,0.016,0.1885,0.1425
669,0.319566666667,0.0,0.1785,0.330966666667,0.170966666667
670,0.684,0.0,0.0105,0.2295,0.076
671,0.02175,0.0005,0.0015,0.001,0.97525
672,0.508,0.0025,0.0035,0.228,0.258
673,0.0175,0.01275,0.0245,0.0005,0.94475
674,0.617933333333,0.0,0.004,0.214625,0.163441666667
675,0.383416666667,0.0045,0.0255,0.167,0.419583333333
676,0.0015,0.005,0.016,0.0,0.9775
677,0.011,0.0185,0.062,0.0,0.9085
678,0.5365,0.0,0.0375,0.1325,0.2935
679,0.07,0.002,0.0425,0.151,0.7345
680,0.2825,0.0,0.01,0.232,0.4755
681,0.0355,0.0,0.018,0.1655,0.781
682,0.6119,0.0,0.025,0.252,0.1111
683,0.9255,0.0,0.0,0.028,0.0465
684,0.8365,0.0005,0.001,0.113,0.049
685,0.4485,0.001,0.0635,0.4145,0.0725
686,0.798,0.0,0.0245,0.124,0.0535
687,0.001,0.002,0.0045,0.0,0.9925
688,0.764333333333,0.0015,0.0105,0.0645,0.159166666667
689,0.5855,0.0085,0.038,0.1635,0.2045
690,0.8515,0.0,0.0165,0.0235,0.1085
691,0.63675,0.0015,0.0025,0.192283333333,0.166966666667
692,0.4885,0.001,0.0225,0.137,0.351
693,0.403,0.0,0.088,0.4,0.109
694,0.345,0.0005,0.0185,0.4855,0.1505
695,0.4875,0.012,0.0505,0.2665,0.1835
696,0.0045,0.108,0.0843680555556,0.0,0.803131944444
697,0.257791666667,0.0,0.113,0.417208333333,0.212
698,0.01685,0.0105,0.0955,0.0,0.87715
699,0.2125,0.001,0.0125,0.1125,0.6615
700,0.0565,0.0015,0.1425,0.3655,0.434
701,0.27955,0.003,0.266,0.0915,0.35995
702,0.574,0.0005,0.0215,0.1375,0.2665
703,0.014,0.0,0.0155,0.000166666666667,0.970333333333
704,0.57,0.0025,0.1095,0.0155,0.3025
705,0.569458333333,0.001,0.017,0.1255,0.287041666667
706,0.92,0.004,0.0035,0.017,0.0555
707,0.433,0.007,0.053,0.076,0.431
708,0.093,0.0035,0.021,0.1505,0.732
709,0.62175,0.0,0.01,0.24525,0.123
710,0.6555,0.0005,0.008,0.2195,0.1165
711,0.312,0.0,0.0155,0.5505,0.122
712,0.0985,0.0,0.0045,0.0045,0.8925
713,0.006,0.0216583333333,0.017,0.0,0.955341666667
714,0.4705,0.0,0.058,0.334,0.1375
715,0.365,0.0,0.0375,0.164475,0.433025
716,0.468716666667,0.0,0.006,0.2515,0.273783333333
717,0.9785,0.0,0.0,0.0055,0.016
718,0.0,0.0,0.00725,0.0005,0.99225
719,0.246,0.0,0.0795,0.3625,0.312
720,0.82,0.0005,0.0025,0.0835,0.0935
721,0.635,0.0,0.009,0.1425,0.2135
722,0.713116666667,0.0,0.0025,0.0085,0.275883333333
723,0.972916666667,0.0,0.0,0.0,0.0270833333333
724,0.335,0.0005,0.0525,0.314,0.298
725,0.981916666667,0.0,0.001,0.0075,0.00958333333333
726,0.4795,0.0005,0.0025,0.428,0.0895
727,0.216,0.0,0.0145,0.513,0.2565
728,0.316,0.001,0.052,0.5455,0.0855
729,0.9955,0.0,0.0,0.0005,0.004
730,0.833451785714,0.0,0.0,0.0435,0.123048214286
731,0.0255,0.108,0.038,0.0015,0.827
732,0.305,0.0,0.094,0.362,0.239
733,0.004,0.0695,0.203,0.0005,0.723
734,0.3795,0.0,0.0195,0.4855,0.1155
735,0.0155,0.0005,0.1635,0.531,0.2895
736,0.91835,0.0,0.0,0.002,0.07965
737,0.041,0.0065,0.267,0.415,0.2705
738,0.3795,0.016,0.05,0.1155,0.439
739,0.0330833333333,0.0035,0.274541666667,0.006,0.682875
740,0.8267,0.0,0.002,0.0953,0.076
741,0.469,0.0005,0.0685,0.231,0.231
742,0.733666666667,0.01,0.056,0.022,0.178333333333
743,0.39025,0.0,0.0075,0.0795,0.52275
744,0.217384126984,0.0905,0.0255,0.0,0.666615873016
745,0.6505,0.0035,0.0045,0.095,0.2465
746,0.0045,0.001,0.0205,0.011,0.963
747,0.6035,0.0005,0.0165,0.1795,0.2
748,0.5555,0.002,0.069,0.20325,0.17025
749,0.523558333333,0.0,0.0205,0.262941666667,0.193
750,0.0895,0.012,0.113,0.0175,0.768
751,0.4305,0.0025,0.014,0.3895,0.1635
752,0.002,0.009,0.0182916666667,0.0,0.970708333333
753,0.092,0.0105,0.043,0.3715,0.483
754,0.676,0.0,0.0025,0.217,0.1045
755,0.515,0.0,0.013,0.3795,0.0925
756,0.485,0.0005,0.051,0.3605,0.103
757,0.0525,0.005,0.189,0.364,0.3895
758,0.0555,0.0,0.103,0.6135,0.228
759,0.355708333333,0.0,0.1345,0.3245,0.185291666667
760,0.2125,0.0,0.006,0.008,0.7735
761,0.83975,0.0,0.01,0.021,0.12925
762,0.6445,0.0005,0.0635,0.01,0.2815
763,0.0115,0.0055,0.031,0.007,0.945
764,0.0035,0.0035,0.028,0.0035,0.9615
765,0.014,0.0185,0.0825,0.0,0.885
766,0.9725,0.0,0.006,0.0,0.0215
767,0.002,0.0015,0.0195,0.0,0.977
768,0.269,0.001,0.0935,0.34,0.2965
769,0.0285,0.0235,0.04875,0.0,0.89925
770,0.0115,0.0559583333333,0.117,0.0,0.815541666667
771,0.644958333333,0.0,0.0,0.0437333333333,0.311308333333
772,0.0035,0.17,0.058,0.0,0.7685
773,0.2985,0.001,0.048,0.5455,0.107
774,0.57,0.0005,0.0665,0.1325,0.2305
775,0.005,0.006,0.157,0.004,0.828
776,0.690791666667,0.001,0.0615,0.065375,0.181333333333
777,0.03,0.006,0.0595,0.7475,0.157
778,0.2665,0.004,0.071,0.474,0.1845
779,0.4785,0.0,0.0285,0.2735,0.2195
780,0.111808333333,0.005,0.0105,0.009,0.863691666667
781,0.4875,0.0,0.038,0.332,0.1425
782,0.1875,0.0005,0.4235,0.2952,0.0933
783,0.537,0.0,0.1325,0.075875,0.254625
784,0.753358333333,0.0,0.002,0.142916666667,0.101725
785,0.005,0.0,0.0065,0.002,0.9865
786,0.696416666667,0.0,0.0,0.266083333333,0.0375
787,0.0495,0.01,0.047,0.1845,0.709
788,0.4155,0.002,0.0215,0.414,0.147
789,0.25,0.0005,0.044,0.6212,0.0843
790,0.589,0.0,0.019,0.119,0.273
791,0.2385,0.0,0.008,0.079,0.6745
792,0.048,0.0105,0.026,0.1675,0.748
793,0.654,0.001,0.0055,0.176,0.1635
794,0.330375,0.0,0.0655,0.34,0.264125
795,0.3475,0.0,0.0345,0.4495,0.1685
796,0.085,0.012,0.113,0.4055,0.3845
797,0.523333333333,0.0,0.0605,0.183,0.233166666667
798,0.5575,0.0,0.087,0.3095,0.046
799,0.385583333333,0.0055,0.0095,0.214,0.385416666667
800,0.481166666667,0.0,0.01,0.303333333333,0.2055
801,0.8605,0.0005,0.0025,0.0905,0.046
802,0.3525,0.0,0.0465,0.476,0.125
803,0.7372,0.005,0.0125,0.01,0.2353
804,0.577416666667,0.0,0.028,0.2975,0.0970833333333
805,0.671166666667,0.0005,0.0165,0.1585,0.153333333333
806,0.086,0.0365,0.0973333333333,0.002,0.778166666667
807,0.6435,0.0055,0.006,0.0815,0.2635
808,0.6295,0.0,0.0005,0.1545,0.2155
809,0.0695,0.0865,0.048,0.4085,0.3875
810,0.0295,0.063,0.056,0.004,0.8475
811,0.364666666667,0.0,0.006,0.1685,0.460833333333
812,0.43025,0.0,0.065,0.29975,0.205
813,0.340625,0.0,0.0115,0.5425,0.105375
814,0.467041666667,0.001,0.015,0.0995,0.417458333333
815,0.288,0.0,0.0695,0.497,0.1455
816,0.581,0.0,0.05,0.046,0.323
817,0.7495,0.0,0.008,0.063,0.1795
818,0.1975,0.0005,0.012,0.6895,0.1005
819,0.627,0.001,0.014,0.024,0.334
820,0.4265,0.0005,0.017,0.055,0.501
821,0.0705,0.0065,0.09775,0.0365,0.78875
822,0.212,0.1415,0.1095,0.015,0.522
823,0.029,0.0375,0.1555,0.0105,0.7675
824,0.508,0.0,0.0085,0.332,0.1515
825,0.5165,0.002,0.0255,0.2885,0.1675
826,0.4885,0.021,0.0144166666667,0.079,0.397083333333
827,0.1795,0.0105,0.215,0.001,0.594
828,0.437125,0.0,0.0505,0.2055,0.306875
829,0.2465,0.0005,0.01,0.16225,0.58075
830,0.0075,0.0095,0.016,0.01625,0.95075
831,0.908375,0.001,0.0005,0.0395,0.050625
832,0.506791666667,0.0,0.007,0.2945,0.191708333333
833,0.18165,0.003,0.0345,0.0045,0.77635
834,0.6145,0.0,0.003,0.0615,0.321
835,0.0685,0.0075,0.026,0.835,0.063
836,0.2415,0.0,0.0335,0.51,0.215
837,0.4945,0.0,0.149833333333,0.225904166667,0.1297625
838,0.0245,0.008,0.673,0.0845,0.21
839,0.0425,0.008,0.157166666667,0.0005,0.791833333333
840,0.404416666667,0.0,0.033,0.44275,0.119833333333
841,0.775577380952,0.0005,0.003,0.08,0.140922619048
842,0.7304,0.0,0.0,0.00391666666667,0.265683333333
843,0.4255,0.0005,0.1195,0.2235,0.231
844,0.4135,0.003,0.0175,0.387,0.179
845,0.819,0.0,0.01,0.0645,0.1065
846,0.37,0.001,0.0115,0.42,0.1975
847,0.827258333333,0.0,0.0,0.0025,0.170241666667
848,0.001,0.0187,0.2115,0.001,0.7678
849,0.45475,0.0,0.0405,0.3675,0.13725
850,0.461,0.0,0.051,0.398,0.09
851,0.543,0.001,0.012,0.2465,0.1975
852,0.504,0.0005,0.0685,0.2375,0.1895
853,0.039,0.009,0.0655,0.0425,0.844
854,0.2495,0.0,0.023,0.3745,0.353
855,0.7375,0.0,0.0045,0.0685,0.1895
856,0.0,0.003,0.066,0.0005,0.9305
857,0.62,0.0,0.0005,0.214,0.1655
858,0.036,0.0005,0.05525,0.185,0.72325
859,0.91925,0.0,0.0075,0.0065,0.06675
860,0.534,0.0005,0.0225,0.3605,0.0825
861,0.034,0.0165,0.0455,0.0015,0.9025
862,0.2765,0.0,0.031,0.3945,0.298
863,0.3935,0.0,0.0225,0.11,0.474
864,0.002,0.0045,0.0255,0.0085,0.9595
865,0.0025,0.0228166666667,0.0725,0.0085,0.893683333333
866,0.453083333333,0.0,0.0875,0.2205,0.238916666667
867,0.019,0.037,0.1485,0.004,0.7915
868,0.52675,0.0,0.001,0.365,0.10725
869,0.0155,0.0755,0.334125,0.0025,0.572375
870,0.622583333333,0.0,0.0245833333333,0.251916666667,0.100916666667
871,0.6365,0.0,0.035,0.198,0.1305
872,0.1005,0.0,0.005,0.1695,0.725
873,0.2335,0.0,0.0405,0.6145,0.1115
874,0.635166666667,0.012,0.0265,0.0005,0.325833333333
875,0.44,0.0,0.013,0.3905,0.1565
876,0.473,0.001,0.0245,0.3605,0.141
877,0.912341666667,0.002,0.00133333333333,0.0295,0.054825
878,0.4307,0.003,0.0395,0.1528,0.374
879,0.2905,0.001,0.08,0.491,0.1375
880,0.263,0.0,0.0305,0.461,0.2455
881,0.754625,0.0,0.001,0.025,0.219375
882,0.809333333333,0.0015,0.0045,0.032,0.152666666667
883,0.1225,0.0,0.0215,0.7475,0.1085
884,0.28,0.0005,0.027,0.5025,0.19
885,0.992166666667,0.0,0.0,0.000833333333333,0.007
886,0.254,0.0,0.007,0.6135,0.1255
887,0.184166666667,0.001,0.0075,0.315166666667,0.492166666667
888,0.811208333333,0.0005,0.032,0.013125,0.143166666667
889,0.97715,0.0,0.0005,0.011,0.01135
890,0.003,0.0188,0.0331666666667,0.0005,0.944533333333
891,0.02,0.021,0.091,0.572,0.296
892,0.0335,0.0,0.062,0.063,0.8415
893,0.993816666667,0.0,0.0,0.0001,0.00608333333333
894,0.1145,0.0025,0.1535,0.4235,0.306
895,0.0035,0.0171666666667,0.547591666667,0.003,0.428741666667
896,0.48475,0.0085,0.0125,0.0,0.49425
897,0.912291666667,0.0,0.002,0.028,0.0577083333333
898,0.524,0.0035,0.0685,0.3045,0.0995
899,0.061,0.0085,0.208,0.013,0.7095
900,0.0035,0.0035,0.051,0.0,0.942
901,0.678333333333,0.0025,0.0085,0.0105,0.300166666667
902,0.633,0.0005,0.017,0.2105,0.139
903,0.0,0.006,0.06175,0.0,0.93225
904,0.8065,0.0015,0.0105,0.0785,0.103
905,0.8505,0.0,0.0005,0.024,0.125
906,0.558,0.002,0.008,0.3765,0.0555
907,0.59675,0.0,0.007,0.1205,0.27575
908,0.0005,0.0045,0.0146458333333,0.0095,0.970854166667
909,0.325533333333,0.002,0.0325,0.434,0.205966666667
910,0.35775,0.001,0.0235,0.52725,0.0905
911,0.1345,0.001,0.0135,0.0285,0.8225
912,0.0035,0.073,0.033,0.0005,0.89
913,0.3965,0.005,0.033,0.419,0.1465
914,0.0316,0.0105,0.0135,0.003,0.9414
915,0.036,0.005,0.0523333333333,0.0345,0.872166666667
916,0.1405,0.0,0.371,0.2015,0.287
917,0.3145,0.0,0.003,0.2655,0.417
918,0.0075,0.0015,0.028,0.0165,0.9465
919,0.004,0.007,0.1325,0.0005,0.856
920,0.373525,0.0045,0.0235,0.435,0.163475
921,0.8855,0.0,0.0055,0.05,0.059
922,0.41425,0.0,0.002,0.290583333333,0.293166666667
923,0.669,0.003,0.001,0.04,0.287
924,0.161875,0.054,0.057,0.0215,0.705625
925,0.954908333333,0.0,0.0005,0.00538333333333,0.0392083333333
926,0.7975,0.0005,0.0015,0.0275,0.173
927,0.7755,0.0,0.0045,0.15,0.07
928,0.356375,0.0,0.1845,0.3695,0.089625
929,0.533875,0.0,0.0885,0.286875,0.09075
930,0.9325,0.0,0.001,0.03525,0.03125
931,0.017,0.025,0.0795,0.0025,0.876
932,0.3365,0.0,0.0055,0.1065,0.5515
933,0.5325,0.001,0.034,0.203,0.2295
934,0.712,0.0015,0.0175,0.117375,0.151625
935,0.0035,0.003,0.133833333333,0.006,0.853666666667
936,0.657,0.0005,0.048,0.112,0.1825
937,0.249,0.0005,0.0385,0.5785,0.1335
938,0.01425,0.0235,0.046,0.0005,0.91575
939,0.211433333333,0.04,0.066,0.001,0.681566666667
940,0.240033333333,0.0,0.005,0.256,0.498966666667
941,0.218816666667,0.0,0.0391666666667,0.5281,0.213916666667
942,0.422791666667,0.0005,0.0215,0.0493333333333,0.505875
943,0.44425,0.0,0.048,0.356,0.15175
944,0.026,0.0315,0.0875,0.0015,0.8535
945,0.39,0.0005,0.029,0.446,0.1345
946,0.54375,0.0005,0.009,0.31025,0.1365
947,0.196191666667,0.0,0.0885,0.4295,0.285808333333
948,0.066,0.0095,0.1025,0.366,0.456
949,0.0225,0.0,0.3055,0.391,0.281
950,0.837,0.0,0.0055,0.0495,0.108
951,0.321666666667,0.0,0.07,0.360833333333,0.2475
952,0.0125,0.006,0.121,0.06,0.8005
953,0.933733333333,0.001,0.0015,0.0185,0.0452666666667
954,0.3615,0.0,0.0265,0.3735,0.2385
955,0.277,0.0365,0.0095,0.451758333333,0.225241666667
956,0.456,0.0,0.005,0.072,0.467
957,0.527,0.0,0.0055,0.1015,0.366
958,0.0045,0.0748166666667,0.0305,0.002,0.888183333333
959,0.830883333333,0.001,0.0175,0.0265,0.124116666667
960,0.0417071428571,0.0025,0.0005,0.005,0.950292857143
961,0.789758333333,0.0,0.019375,0.13385,0.0570166666667
962,0.0325,0.0225,0.43925,0.095,0.41075
963,0.004,0.0035,0.0265,0.0005,0.9655
964,0.505,0.0,0.083,0.1285,0.2835
965,0.7345,0.0,0.001,0.2005,0.064
966,0.2925,0.0,0.2325,0.347091666667,0.127908333333
967,0.6105,0.0,0.0,0.1305,0.259
968,0.928,0.0,0.01,0.0215,0.0405
969,0.792025,0.0,0.0005,0.096,0.111475
970,0.387,0.0,0.152,0.358,0.103
971,0.389,0.0,0.041,0.3005,0.2695
972,0.3805,0.0,0.046,0.466,0.1075
973,0.036,0.014,0.139,0.0755,0.7355
974,0.957,0.0,0.004,0.0085,0.0305
975,0.7445,0.0005,0.006,0.0585,0.1905
976,0.527725,0.0005,0.008,0.37825,0.085525
977,0.83884047619,0.0,0.0,0.0015,0.15965952381
978,0.8255,0.0,0.0015,0.116,0.057
979,0.849,0.0,0.0065,0.022,0.1225
980,0.7628,0.0005,0.011,0.058,0.1677
981,0.200733333333,0.002,0.012,0.0045,0.780766666667
982,0.1125,0.0,0.4045,0.249,0.234
983,0.44725,0.001,0.036,0.188,0.32775
984,0.67,0.0,0.0195,0.2645,0.046
985,0.105,0.0035,0.097,0.2025,0.592
986,0.714291666667,0.0,0.0145,0.0412083333333,0.23
987,0.8855,0.019,0.0005,0.0155,0.0795
988,0.6645,0.0005,0.0045,0.1815,0.149
989,0.005,0.0,0.008,0.0,0.987
